0.004    0.0187476
0.008    0.0373324
0.012    0.055594
0.016    0.0733766
0.02    0.0905313
0.024    0.106918
0.028    0.122408
0.032    0.136884
0.036    0.150244
0.04    0.162401
0.044    0.173282
0.048    0.182833
0.052    0.191017
0.056    0.197811
0.06    0.203211
0.064    0.207229
0.068    0.209892
0.072    0.21124
0.076    0.211326
0.08    0.210217
0.084    0.207987
0.088    0.204719
0.092    0.200504
0.096    0.195437
0.1    0.189617
0.104    0.183145
0.108    0.17612
0.112    0.168643
0.116    0.160811
0.12    0.152716
0.124    0.144449
0.128    0.136092
0.132    0.127723
0.136    0.119412
0.14    0.111223
0.144    0.103211
0.148    0.0954259
0.152    0.0879082
0.156    0.0806927
0.16    0.0738067
0.164    0.0672709
0.168    0.0611003
0.172    0.0553039
0.176    0.0498856
0.18    0.044845
0.184    0.0401772
0.188    0.0358743
0.192    0.0319253
0.196    0.0283165
0.2    0.0250327
0.204    0.0220569
0.208    0.0193714
0.212    0.0169573
0.216    0.014796
0.22    0.0128684
0.224    0.011156
0.228    0.00964038
0.232    0.00830407
0.236    0.00713024
0.24    0.00610292
0.244    0.0052071
0.248    0.00442878
0.252    0.00375495
0.256    0.00317365
0.26    0.00267395
0.264    0.00224588
0.268    0.00188046
0.272    0.00156961
0.276    0.00130608
0.28    0.00108344
0.284    0.000895987
0.288    0.00073869
0.292    0.000607137
0.296    0.000497479
0.3    0.000406378
0.304    0.000330949
0.308    0.000268703
0.312    0.0002175
0.316    0.000175527
0.32    0.00014124
0.324    0.000113318
0.328    9.06377e-005
0.332    7.22761e-005
0.336    5.74646e-005
0.34    4.55464e-005
0.344    3.59752e-005
0.348    2.83221e-005
0.352    2.22384e-005
0.356    1.74146e-005
0.36    1.35937e-005
0.364    1.05873e-005
0.368    8.2406e-006
0.372    6.40184e-006
0.376    4.95058e-006
0.38    3.81774e-006
0.384    2.94737e-006
0.388    2.27106e-006
0.392    1.73727e-006
0.396    1.32456e-006
0.4    1.01068e-006
0.404    7.65198e-007
0.408    5.73e-007
0.412    4.29163e-007
0.416    3.21264e-007
0.42    2.43378e-007
0.424    2.00335e-007
0.428    1.78955e-007
0.432    1.53694e-007
0.436    1.26575e-007
0.44    1.12916e-007
0.444    9.75573e-008
0.448    6.11738e-008
0.452    2.44926e-008
0.456    9.11609e-009
0.46    -4.84576e-009
0.464    -3.03709e-008
0.468    -3.99713e-008
0.472    -2.39619e-008
0.476    -1.33602e-008
0.48    -1.50909e-008
0.484    -2.17314e-009
0.488    1.94493e-008
0.492    1.79984e-008
0.496    3.39385e-009
0.5    4.17067e-009
0.504    3.94187e-009
0.508    -1.88911e-008
0.512    -3.49888e-008
0.516    -2.14834e-008
0.52    -1.17124e-008
0.524    -2.49206e-008
0.528    -2.54606e-008
0.532    -2.11951e-009
0.536    2.92165e-009
0.54    -1.90852e-008
0.544    -2.52e-008
0.548    -1.02181e-008
0.552    -1.37621e-008
0.556    -3.27495e-008
0.56    -2.71833e-008
0.564    -4.89704e-009
0.568    -5.16491e-009
0.572    -1.9607e-008
0.576    -1.66169e-008
0.58    -9.91407e-009
0.584    -2.48643e-008
0.588    -4.15152e-008
0.592    -3.76624e-008
0.596    -3.47663e-008
0.6    -4.69116e-008
0.604    -4.62634e-008
0.608    -2.27518e-008
0.612    -1.02756e-008
0.616    -1.97616e-008
0.62    -1.74425e-008
0.624    4.90996e-009
0.628    1.12959e-008
0.632    -7.70695e-009
0.636    -1.74382e-008
0.64    -7.10171e-009
0.644    -6.54089e-009
0.648    -2.3998e-008
0.652    -3.11577e-008
0.656    -1.92968e-008
0.66    -1.25716e-008
0.664    -1.84235e-008
0.668    -1.64131e-008
0.672    -2.24472e-009
0.676    2.72136e-009
0.68    -8.46713e-009
0.684    -1.7942e-008
0.688    -1.77745e-008
0.692    -2.09887e-008
0.696    -3.20128e-008
0.7    -3.6005e-008
0.704    -2.54903e-008
0.708    -1.2667e-008
0.712    -6.50113e-009
0.716    3.55273e-010
0.72    1.16395e-008
0.724    1.53291e-008
0.728    5.09157e-009
0.732    -4.73539e-009
0.736    -2.38388e-009
0.74    1.23734e-010
0.744    -1.08273e-008
0.748    -2.28512e-008
0.752    -1.69407e-008
0.756    -1.52676e-009
0.76    9.29308e-010
0.764    -8.13686e-009
0.768    -8.63613e-009
0.772    1.75791e-009
0.776    6.83939e-009
0.78    2.93522e-009
0.784    8.51713e-010
0.788    6.17931e-010
0.792    -6.44042e-009
0.796    -1.46848e-008
0.8    -1.23312e-008
0.804    -6.9672e-009
0.808    -1.28613e-008
0.812    -1.99939e-008
0.816    -8.51027e-009
0.82    1.28585e-008
0.824    1.81173e-008
0.828    8.30382e-009
0.832    7.57682e-009
0.836    1.86895e-008
0.84    2.07784e-008
0.844    1.07865e-008
0.848    8.27414e-009
0.852    1.66005e-008
0.856    1.71991e-008
0.86    7.00592e-009
0.864    4.46091e-009
0.868    1.17586e-008
0.872    7.85437e-009
0.876    -1.16751e-008
0.88    -2.33174e-008
0.884    -1.58692e-008
0.888    -7.99984e-009
0.892    -1.16092e-008
0.896    -1.0669e-008
0.9    5.74033e-009
0.904    1.99477e-008
0.908    1.63779e-008
0.912    8.74813e-009
0.916    1.32568e-008
0.92    1.83445e-008
0.924    7.31553e-009
0.928    -8.35305e-009
0.932    -6.75933e-009
0.936    7.37501e-009
0.94    1.2418e-008
0.944    7.52052e-009
0.948    1.12232e-008
0.952    2.60562e-008
0.956    3.35285e-008
0.96    2.6937e-008
0.964    2.25402e-008
0.968    3.02896e-008
0.972    3.67247e-008
0.976    2.9322e-008
0.98    1.89191e-008
0.984    2.18475e-008
0.988    3.30227e-008
0.992    3.4611e-008
0.996    2.39332e-008
1    1.48972e-008
1.004    1.41713e-008
1.008    1.30938e-008
1.012    5.85144e-009
1.016    5.46801e-010
1.02    4.84672e-009
1.024    1.18473e-008
1.028    1.05276e-008
1.032    3.63865e-009
1.036    3.65997e-009
1.04    1.30164e-008
1.044    1.96103e-008
1.048    1.4282e-008
1.052    3.23742e-009
1.056    -2.30486e-009
1.06    -1.85883e-009
1.064    -3.42782e-009
1.068    -9.4248e-009
1.072    -1.37114e-008
1.076    -1.24733e-008
1.08    -9.70553e-009
1.084    -9.21576e-009
1.088    -8.2292e-009
1.092    -3.73874e-009
1.096    2.82858e-010
1.1    -1.36183e-009
1.104    -5.38244e-009
1.108    -3.69257e-009
1.112    3.89079e-009
1.116    8.44879e-009
1.12    5.20305e-009
1.124    5.76919e-010
1.128    1.84393e-009
1.132    5.9991e-009
1.136    5.592e-009
1.14    1.6021e-009
1.144    2.00882e-009
1.148    8.20489e-009
1.152    1.15983e-008
1.156    6.62342e-009
1.16    -2.33289e-010
1.164    3.96356e-011
1.168    5.51509e-009
1.172    6.72841e-009
1.176    1.33445e-009
1.18    -2.80375e-009
1.184    -3.52578e-010
1.188    3.25983e-009
1.192    8.16278e-010
1.196    -4.91201e-009
1.2    -5.16376e-009
1.204    1.08406e-009
1.208    4.78098e-009
1.212    -2.38418e-010
1.216    -8.03612e-009
1.22    -8.54996e-009
1.224    -1.22531e-009
1.228    4.78411e-009
1.232    3.24656e-009
1.236    -1.74306e-009
1.24    -2.85232e-009
1.244    1.74398e-010
1.248    1.29931e-009
1.252    -2.30949e-009
1.256    -6.08985e-009
1.26    -4.63179e-009
1.264    7.1645e-010
1.268    3.57315e-009
1.272    8.10558e-010
1.276    -3.75346e-009
1.28    -4.64889e-009
1.284    -1.65594e-009
1.288    4.69939e-010
1.292    -1.44746e-009
1.296    -4.82013e-009
1.3    -4.63148e-009
1.304    1.05955e-010
1.308    4.79128e-009
1.312    4.37869e-009
1.316    -9.91533e-010
1.32    -6.33174e-009
1.324    -7.27509e-009
1.328    -4.09564e-009
1.332    -1.4527e-010
1.336    2.42008e-009
1.34    4.0418e-009
1.344    5.22946e-009
1.348    4.46356e-009
1.352    4.59677e-011
1.356    -6.40682e-009
1.36    -1.00027e-008
1.364    -7.15137e-009
1.368    3.29851e-010
1.372    6.6185e-009
1.376    7.5304e-009
1.38    4.16713e-009
1.384    7.60795e-010
1.388    -3.1851e-010
1.392    -4.97903e-010
1.396    -2.11097e-009
1.4    -4.74433e-009
1.404    -5.43194e-009
1.408    -2.33786e-009
1.412    2.64181e-009
1.416    5.49439e-009
1.42    4.06525e-009
1.424    -1.54721e-011
1.428    -3.29485e-009
1.432    -3.86843e-009
1.436    -2.55442e-009
1.44    -1.1524e-009
1.444    -2.66101e-010
1.448    8.59056e-010
1.452    2.75779e-009
1.456    4.66275e-009
1.46    5.23558e-009
1.464    4.07253e-009
1.468    2.09044e-009
1.472    4.17705e-010
1.476    -7.22701e-010
1.48    -1.75339e-009
1.484    -2.58557e-009
1.488    -2.28109e-009
1.492    -2.3878e-010
1.496    2.47283e-009
1.5    3.54851e-009
1.504    1.65024e-009
1.508    -1.88378e-009
1.512    -3.95743e-009
1.516    -2.68459e-009
1.52    5.85106e-010
1.524    2.47377e-009
1.528    9.87241e-010
1.532    -2.34652e-009
1.536    -3.92329e-009
1.54    -1.70686e-009
1.544    2.65899e-009
1.548    5.45906e-009
1.552    4.57425e-009
1.556    1.43522e-009
1.56    -6.76352e-010
1.564    -1.00847e-010
1.568    1.61309e-009
1.572    1.60456e-009
1.576    -1.00211e-009
1.58    -3.9129e-009
1.584    -3.87152e-009
1.588    -2.1722e-011
1.592    4.98767e-009
1.596    7.2868e-009
1.6    5.24747e-009
1.604    8.46218e-010
1.608    -2.22846e-009
1.612    -1.8044e-009
1.616    1.18146e-009
1.62    3.92573e-009
1.624    4.37988e-009
1.628    2.79273e-009
1.632    1.05637e-009
1.636    8.4629e-010
1.64    2.38326e-009
1.644    4.68432e-009
1.648    6.64844e-009
1.652    7.77142e-009
1.656    8.01176e-009
1.66    7.33416e-009
1.664    5.64801e-009
1.668    3.18233e-009
1.672    6.89429e-010
1.676    -9.77533e-010
1.68    -1.59699e-009
1.684    -1.81641e-009
1.688    -2.49405e-009
1.692    -3.68566e-009
1.696    -4.31754e-009
1.7    -3.05226e-009
1.704    2.90782e-010
1.708    4.07045e-009
1.712    5.71568e-009
1.716    3.64884e-009
1.72    -1.27999e-009
1.724    -6.11522e-009
1.728    -7.7836e-009
1.732    -5.29543e-009
1.736    -4.73601e-010
1.74    3.37028e-009
1.744    3.82485e-009
1.748    1.04971e-009
1.752    -2.47898e-009
1.756    -3.88854e-009
1.76    -2.02217e-009
1.764    1.79621e-009
1.768    4.82143e-009
1.772    4.90514e-009
1.776    1.97991e-009
1.78    -1.99797e-009
1.784    -4.4936e-009
1.788    -4.11901e-009
1.792    -1.43535e-009
1.796    1.62423e-009
1.8    3.17872e-009
1.804    2.61563e-009
1.808    7.9907e-010
1.812    -7.57184e-010
1.816    -1.06685e-009
1.82    -3.42002e-010
1.824    2.70432e-010
1.828    -3.65559e-010
1.832    -2.45175e-009
1.836    -5.00411e-009
1.84    -6.4392e-009
1.844    -5.60249e-009
1.848    -2.56788e-009
1.852    1.29923e-009
1.856    4.05514e-009
1.86    4.24208e-009
1.864    1.69047e-009
1.868    -2.37835e-009
1.872    -5.97872e-009
1.876    -7.35488e-009
1.88    -5.8156e-009
1.884    -2.00753e-009
1.888    2.45812e-009
1.892    5.78729e-009
1.896    6.78753e-009
1.9    5.29909e-009
1.904    2.12766e-009
1.908    -1.4197e-009
1.912    -4.13224e-009
1.916    -5.3481e-009
1.92    -5.09524e-009
1.924    -3.91957e-009
1.928    -2.53503e-009
1.932    -1.48064e-009
1.936    -9.30885e-010
1.94    -7.10356e-010
1.944    -4.66032e-010
1.948    1.08636e-010
1.952    1.10621e-009
1.956    2.35933e-009
1.96    3.51929e-009
1.964    4.20965e-009
1.968    4.18289e-009
1.972    3.4172e-009
1.976    2.12248e-009
1.98    6.62843e-010
1.984    -5.68291e-010
1.988    -1.27284e-009
1.992    -1.33184e-009
1.996    -8.2682e-010
