0.22    0.000150403
0.44    0.000333124
0.66    0.000550784
0.88    0.000806016
1.1    0.00110146
1.32    0.00143973
1.54    0.00182343
1.76    0.00225513
1.98    0.00273733
2.2    0.00327248
2.42    0.00386295
2.64    0.00451101
2.86    0.00521883
3.08    0.00598846
3.3    0.00682181
3.52    0.00772065
3.74    0.00868659
3.96    0.00972106
4.18    0.0108253
4.4    0.0120004
4.62    0.0132472
4.84    0.0145663
5.06    0.0159582
5.28    0.017423
5.5    0.0189606
5.72    0.0205708
5.94    0.022253
6.16    0.0240065
6.38    0.02583
6.6    0.0277224
6.82    0.0296819
7.04    0.0317069
7.26    0.0337951
7.48    0.0359442
7.7    0.0381517
7.92    0.0404145
8.14    0.0427297
8.36    0.045094
8.58    0.0475037
8.8    0.0499551
9.02    0.0524442
9.24    0.0549669
9.46    0.0575189
9.68    0.0600955
9.9    0.0626923
10.12    0.0653043
10.34    0.0679268
10.56    0.0705545
10.78    0.0731826
11    0.0758057
11.22    0.0784186
11.44    0.0810162
11.66    0.0835931
11.88    0.086144
12.1    0.0886637
12.32    0.091147
12.54    0.0935887
12.76    0.0959837
12.98    0.0983271
13.2    0.100614
13.42    0.102839
13.64    0.104999
13.86    0.107088
14.08    0.109103
14.3    0.111038
14.52    0.112891
14.74    0.114657
14.96    0.116334
15.18    0.117917
15.4    0.119404
15.62    0.120793
15.84    0.122079
16.06    0.123262
16.28    0.12434
16.5    0.12531
16.72    0.126171
16.94    0.126922
17.16    0.127562
17.38    0.128091
17.6    0.128508
17.82    0.128813
18.04    0.129007
18.26    0.129089
18.48    0.129061
18.7    0.128924
18.92    0.128679
19.14    0.128327
19.36    0.12787
19.58    0.12731
19.8    0.126649
20.02    0.12589
20.24    0.125035
20.46    0.124086
20.68    0.123047
20.9    0.121922
21.12    0.120712
21.34    0.119421
21.56    0.118053
21.78    0.116611
22    0.115099
22.22    0.113521
22.44    0.11188
22.66    0.11018
22.88    0.108425
23.1    0.10662
23.32    0.104767
23.54    0.102871
23.76    0.100936
23.98    0.0989657
24.2    0.0969638
24.42    0.0949343
24.64    0.092881
24.86    0.0908075
25.08    0.0887175
25.3    0.0866147
25.52    0.0845025
25.74    0.0823843
25.96    0.0802634
26.18    0.0781431
26.4    0.0760264
26.62    0.0739164
26.84    0.0718158
27.06    0.0697275
27.28    0.0676541
27.5    0.065598
27.72    0.0635616
27.94    0.0615472
28.16    0.0595569
28.38    0.0575927
28.6    0.0556563
28.82    0.0537495
29.04    0.0518739
29.26    0.050031
29.48    0.0482219
29.7    0.046448
29.92    0.0447103
30.14    0.0430098
30.36    0.0413473
30.58    0.0397234
30.8    0.0381388
31.02    0.0365941
31.24    0.0350895
31.46    0.0336254
31.68    0.032202
31.9    0.0308193
32.12    0.0294774
32.34    0.0281762
32.56    0.0269155
32.78    0.0256952
33    0.0245149
33.22    0.0233743
33.44    0.0222729
33.66    0.0212102
33.88    0.0201858
34.1    0.019199
34.32    0.0182493
34.54    0.0173359
34.76    0.0164581
34.98    0.0156152
35.2    0.0148065
35.42    0.0140311
35.64    0.0132883
35.86    0.0125772
36.08    0.011897
36.3    0.0112467
36.52    0.0106256
36.74    0.0100328
36.96    0.00946738
37.18    0.00892849
37.4    0.00841524
37.62    0.00792678
37.84    0.00746223
38.06    0.00702074
38.28    0.00660146
38.5    0.00620355
38.72    0.00582618
38.94    0.00546855
39.16    0.00512985
39.38    0.0048093
39.6    0.00450614
39.82    0.00421962
40.04    0.00394901
40.26    0.0036936
40.48    0.0034527
40.7    0.00322563
40.92    0.00301175
41.14    0.00281041
41.36    0.00262102
41.58    0.00244298
41.8    0.00227572
42.02    0.00211869
42.24    0.00197135
42.46    0.00183321
42.68    0.00170377
42.9    0.00158256
43.12    0.00146913
43.34    0.00136305
43.56    0.0012639
43.78    0.0011713
44    0.00108486
44.22    0.00100422
44.44    0.000929051
44.66    0.000859015
44.88    0.000793805
45.1    0.000733125
45.32    0.000676696
45.54    0.000624253
45.76    0.000575543
45.98    0.000530329
46.2    0.000488384
46.42    0.000449496
46.64    0.000413464
46.86    0.000380097
47.08    0.000349216
47.3    0.000320653
47.52    0.000294249
47.74    0.000269853
47.96    0.000247327
48.18    0.000226537
48.4    0.00020736
48.62    0.00018968
48.84    0.000173388
49.06    0.000158382
49.28    0.000144566
49.5    0.000131852
49.72    0.000120155
49.94    0.000109398
50.16    9.95069e-005
50.38    9.04144e-005
50.6    8.20566e-005
50.82    7.43741e-005
51.04    6.73114e-005
51.26    6.08167e-005
51.48    5.48416e-005
51.7    4.9341e-005
51.92    4.42722e-005
52.14    3.95956e-005
52.36    3.52743e-005
52.58    3.1273e-005
52.8    2.75586e-005
53.02    2.41003e-005
53.24    2.08685e-005
53.46    1.78352e-005
53.68    1.49732e-005
53.9    1.22568e-005
54.12    9.66119e-006
54.34    7.16175e-006
54.56    4.73425e-006
54.78    2.35495e-006
