0.02    0.00290081
0.04    0.00585492
0.06    0.00885809
0.08    0.0119059
0.1    0.014994
0.12    0.0181178
0.14    0.0212727
0.16    0.024454
0.18    0.027657
0.2    0.0308769
0.22    0.034109
0.24    0.0373483
0.26    0.0405902
0.28    0.0438297
0.3    0.0470621
0.32    0.0502825
0.34    0.0534862
0.36    0.0566685
0.38    0.0598248
0.4    0.0629503
0.42    0.0660407
0.44    0.0690914
0.46    0.0720982
0.48    0.0750567
0.5    0.0779628
0.52    0.0808126
0.54    0.0836022
0.56    0.0863277
0.58    0.0889855
0.6    0.0915723
0.62    0.0940847
0.64    0.0965196
0.66    0.0988739
0.68    0.101145
0.7    0.10333
0.72    0.105427
0.74    0.107433
0.76    0.109346
0.78    0.111164
0.8    0.112886
0.82    0.114511
0.84    0.116036
0.86    0.11746
0.88    0.118784
0.9    0.120005
0.92    0.121124
0.94    0.12214
0.96    0.123053
0.98    0.123863
1    0.124569
1.02    0.125174
1.04    0.125676
1.06    0.126077
1.08    0.126378
1.1    0.126579
1.12    0.126682
1.14    0.126689
1.16    0.1266
1.18    0.126417
1.2    0.126142
1.22    0.125778
1.24    0.125325
1.26    0.124786
1.28    0.124164
1.3    0.123461
1.32    0.122678
1.34    0.121819
1.36    0.120886
1.38    0.119882
1.4    0.118809
1.42    0.117671
1.44    0.11647
1.46    0.115209
1.48    0.11389
1.5    0.112517
1.52    0.111093
1.54    0.10962
1.56    0.108102
1.58    0.106542
1.6    0.104942
1.62    0.103305
1.64    0.101634
1.66    0.0999329
1.68    0.0982036
1.7    0.0964492
1.72    0.0946723
1.74    0.0928759
1.76    0.0910626
1.78    0.089235
1.8    0.0873956
1.82    0.0855472
1.84    0.083692
1.86    0.0818325
1.88    0.079971
1.9    0.0781098
1.92    0.0762511
1.94    0.0743969
1.96    0.0725493
1.98    0.0707103
2    0.0688816
2.02    0.0670651
2.04    0.0652625
2.06    0.0634755
2.08    0.0617054
2.1    0.0599539
2.12    0.0582222
2.14    0.0565117
2.16    0.0548235
2.18    0.0531589
2.2    0.0515187
2.22    0.0499041
2.24    0.0483158
2.26    0.0467547
2.28    0.0452215
2.3    0.0437168
2.32    0.0422413
2.34    0.0407955
2.36    0.0393798
2.38    0.0379946
2.4    0.0366402
2.42    0.0353168
2.44    0.0340247
2.46    0.0327639
2.48    0.0315347
2.5    0.0303369
2.52    0.0291705
2.54    0.0280356
2.56    0.0269319
2.58    0.0258593
2.6    0.0248176
2.62    0.0238065
2.64    0.0228258
2.66    0.0218751
2.68    0.0209542
2.7    0.0200625
2.72    0.0191998
2.74    0.0183655
2.76    0.0175593
2.78    0.0167806
2.8    0.0160289
2.82    0.0153038
2.84    0.0146048
2.86    0.0139312
2.88    0.0132825
2.9    0.0126581
2.92    0.0120576
2.94    0.0114802
2.96    0.0109255
2.98    0.0103928
3    0.00988151
3.02    0.0093911
3.04    0.00892096
3.06    0.00847049
3.08    0.0080391
3.1    0.00762621
3.12    0.00723125
3.14    0.00685363
3.16    0.00649279
3.18    0.00614816
3.2    0.0058192
3.22    0.00550536
3.24    0.0052061
3.26    0.00492089
3.28    0.00464922
3.3    0.00439058
3.32    0.00414446
3.34    0.0039104
3.36    0.0036879
3.38    0.00347651
3.4    0.00327577
3.42    0.00308526
3.44    0.00290452
3.46    0.00273317
3.48    0.00257077
3.5    0.00241696
3.52    0.00227134
3.54    0.00213355
3.56    0.00200323
3.58    0.00188004
3.6    0.00176365
3.62    0.00165374
3.64    0.00154999
3.66    0.00145211
3.68    0.00135981
3.7    0.00127282
3.72    0.00119087
3.74    0.00111371
3.76    0.00104109
3.78    0.00097278
3.8    0.000908554
3.82    0.000848196
3.84    0.000791501
3.86    0.000738272
3.88    0.000688322
3.9    0.00064147
3.92    0.000597546
3.94    0.000556385
3.96    0.000517833
3.98    0.00048174
4    0.000447967
4.02    0.000416378
4.04    0.000386847
4.06    0.000359251
4.08    0.000333477
4.1    0.000309414
4.12    0.00028696
4.14    0.000266016
4.16    0.00024649
4.18    0.000228294
4.2    0.000211345
4.22    0.000195564
4.24    0.000180877
4.26    0.000167215
4.28    0.00015451
4.3    0.000142701
4.32    0.00013173
4.34    0.00012154
4.36    0.00011208
4.38    0.0001033
4.4    9.51552e-005
4.42    8.76012e-005
4.44    8.05975e-005
4.46    7.41058e-005
4.48    6.809e-005
4.5    6.25165e-005
4.52    5.73535e-005
4.54    5.25711e-005
4.56    4.81415e-005
4.58    4.40383e-005
4.6    4.02371e-005
4.62    3.67146e-005
4.64    3.34491e-005
4.66    3.04203e-005
4.68    2.7609e-005
4.7    2.49971e-005
4.72    2.25676e-005
4.74    2.03045e-005
4.76    1.81927e-005
4.78    1.62177e-005
4.8    1.4366e-005
4.82    1.26245e-005
4.84    1.0981e-005
4.86    9.42339e-006
4.88    7.94031e-006
4.9    6.52064e-006
4.92    5.15354e-006
4.94    3.8284e-006
4.96    2.53472e-006
4.98    1.26207e-006
