0.012    0.00557404
0.024    0.011201
0.036    0.016867
0.048    0.0225582
0.06    0.0282606
0.072    0.0339601
0.084    0.0396429
0.096    0.0452951
0.108    0.0509029
0.12    0.0564528
0.132    0.0619316
0.144    0.0673262
0.156    0.072624
0.168    0.0778127
0.18    0.0828805
0.192    0.0878161
0.204    0.0926086
0.216    0.0972476
0.228    0.101723
0.24    0.106027
0.252    0.11015
0.264    0.114084
0.276    0.117822
0.288    0.121359
0.3    0.124687
0.312    0.127802
0.324    0.1307
0.336    0.133377
0.348    0.13583
0.36    0.138057
0.372    0.140057
0.384    0.14183
0.396    0.143374
0.408    0.144691
0.42    0.145783
0.432    0.14665
0.444    0.147297
0.456    0.147726
0.468    0.147941
0.48    0.147947
0.492    0.147748
0.504    0.147349
0.516    0.146758
0.528    0.145979
0.54    0.14502
0.552    0.143887
0.564    0.142588
0.576    0.141131
0.588    0.139523
0.6    0.137772
0.612    0.135887
0.624    0.133875
0.636    0.131746
0.648    0.129507
0.66    0.127168
0.672    0.124736
0.684    0.12222
0.696    0.119629
0.708    0.116971
0.72    0.114253
0.732    0.111485
0.744    0.108674
0.756    0.105827
0.768    0.102952
0.78    0.100056
0.792    0.0971466
0.804    0.0942301
0.816    0.091313
0.828    0.0884016
0.84    0.0855015
0.852    0.0826185
0.864    0.0797578
0.876    0.0769244
0.888    0.0741228
0.9    0.0713574
0.912    0.0686323
0.924    0.065951
0.936    0.0633171
0.948    0.0607335
0.96    0.058203
0.972    0.0557281
0.984    0.0533111
0.996    0.0509537
1.008    0.0486576
1.02    0.0464242
1.032    0.0442546
1.044    0.0421497
1.056    0.04011
1.068    0.0381361
1.08    0.0362281
1.092    0.034386
1.104    0.0326097
1.116    0.0308988
1.128    0.0292528
1.14    0.0276711
1.152    0.0261527
1.164    0.0246969
1.176    0.0233025
1.188    0.0219685
1.2    0.0206936
1.212    0.0194764
1.224    0.0183156
1.236    0.0172097
1.248    0.0161572
1.26    0.0151566
1.272    0.0142063
1.284    0.0133046
1.296    0.01245
1.308    0.0116407
1.32    0.0108752
1.332    0.0101518
1.344    0.00946878
1.356    0.00882457
1.368    0.00821755
1.38    0.0076461
1.392    0.00710866
1.404    0.00660369
1.416    0.00612966
1.428    0.0056851
1.44    0.00526856
1.452    0.00487865
1.464    0.00451399
1.476    0.00417326
1.488    0.00385518
1.5    0.00355852
1.512    0.00328209
1.524    0.00302473
1.536    0.00278536
1.548    0.0025629
1.56    0.00235635
1.572    0.00216474
1.584    0.00198715
1.596    0.00182269
1.608    0.00167054
1.62    0.00152989
1.632    0.00139998
1.644    0.00128011
1.656    0.00116958
1.668    0.00106777
1.68    0.000974055
1.692    0.000887877
1.704    0.000808695
1.716    0.000736002
1.728    0.000669325
1.74    0.000608216
1.752    0.000552259
1.764    0.000501063
1.776    0.000454261
1.788    0.000411513
1.8    0.000372501
1.812    0.000336927
1.824    0.000304516
1.836    0.000275011
1.848    0.000248174
1.86    0.000223784
1.872    0.000201636
1.884    0.000181541
1.896    0.000163323
1.908    0.000146821
1.92    0.000131886
1.932    0.000118379
1.944    0.000106175
1.956    9.51557e-005
1.968    8.52152e-005
1.98    7.62551e-005
1.992    6.81851e-005
2.004    6.09228e-005
2.016    5.43926e-005
2.028    4.85254e-005
2.04    4.32583e-005
2.052    3.85336e-005
2.064    3.42989e-005
2.076    3.05064e-005
2.088    2.71127e-005
2.1    2.40783e-005
2.112    2.13674e-005
2.124    1.89473e-005
2.136    1.67886e-005
2.148    1.48646e-005
2.16    1.31512e-005
2.172    1.16265e-005
2.184    1.02708e-005
2.196    9.06638e-006
2.208    7.99715e-006
2.22    7.04871e-006
2.232    6.20808e-006
2.244    5.46358e-006
2.256    4.80476e-006
2.268    4.2222e-006
2.28    3.70749e-006
2.292    3.25309e-006
2.304    2.85223e-006
2.316    2.49889e-006
2.328    2.18769e-006
2.34    1.9138e-006
2.352    1.67295e-006
2.364    1.46132e-006
2.376    1.2755e-006
2.388    1.11248e-006
2.4    9.69569e-007
2.412    8.44385e-007
2.424    7.34814e-007
2.436    6.38984e-007
2.448    5.55237e-007
2.46    4.82106e-007
2.472    4.18295e-007
2.484    3.62659e-007
2.496    3.14189e-007
2.508    2.71994e-007
2.52    2.3529e-007
2.532    2.03388e-007
2.544    1.75681e-007
2.556    1.51635e-007
2.568    1.30782e-007
2.58    1.12714e-007
2.592    9.70692e-008
2.604    8.35336e-008
2.616    7.18321e-008
2.628    6.17236e-008
2.64    5.2998e-008
2.652    4.54719e-008
2.664    3.89851e-008
2.676    3.33986e-008
2.688    2.8591e-008
2.7    2.4457e-008
2.712    2.09046e-008
2.724    1.78541e-008
2.736    1.52367e-008
2.748    1.29927e-008
2.76    1.10697e-008
2.772    9.423e-009
2.784    8.01381e-009
2.796    6.80886e-009
2.808    5.7785e-009
2.82    4.89798e-009
2.832    4.14547e-009
2.844    3.50261e-009
2.856    2.95296e-009
2.868    2.48303e-009
2.88    2.08023e-009
2.892    1.73417e-009
2.904    1.43616e-009
2.916    1.17874e-009
2.928    9.54115e-010
2.94    7.56256e-010
2.952    5.79975e-010
2.964    4.20808e-010
2.976    2.7399e-010
2.988    1.35052e-010
