10   3.63432
11   3.71775
12   3.78598
13   3.83568
14   3.87171
15   3.89882
16   3.92001
17   3.93702
18   3.95096
19   3.96256
20   3.97232
21   3.98063
22   3.98776
23   3.99394
24   3.99933
25   4.00405
26   4.00822
27   4.01192
28   4.01521
29   4.01817
30   4.02082
31   4.02321
32   4.02538
33   4.02735
34   4.02915
35   4.03079
36   4.03229
37   4.03367
38   4.03494
39   4.03612
40   4.0372
41   4.03821
42   4.03914
43   4.04001
44   4.04082
45   4.04158
46   4.04228
47   4.04295
48   4.04357
49   4.04415
50   4.04469
51   4.04521
52   4.0457
53   4.04615
54   4.04659
55   4.047
56   4.04738
57   4.04775
58   4.0481
59   4.04843
60   4.04874
61   4.04904
62   4.04932
63   4.04959
64   4.04985
65   4.0501
66   4.05033
67   4.05056
68   4.05077
69   4.05098
70   4.05117
71   4.05136
72   4.05154
73   4.05171
74   4.05188
75   4.05204
76   4.05219
77   4.05234
78   4.05248
79   4.05262
80   4.05275
81   4.05287
82   4.053
83   4.05311
84   4.05323
85   4.05333
86   4.05344
87   4.05354
88   4.05364
89   4.05373
90   4.05383
91   4.05392
92   4.054
93   4.05408
94   4.05416
95   4.05424
96   4.05432
97   4.05439
98   4.05446
99   4.05453
100   4.0546
101   4.05466
102   4.05472
103   4.05479
104   4.05485
105   4.0549
106   4.05496
107   4.05501
108   4.05507
109   4.05512
110   4.05517
111   4.05522
112   4.05526
113   4.05531
114   4.05535
115   4.0554
116   4.05544
117   4.05548
118   4.05552
119   4.05556
120   4.0556
121   4.05564
122   4.05567
123   4.05571
124   4.05575
125   4.05578
126   4.05581
127   4.05584
128   4.05588
129   4.05591
130   4.05594
131   4.05597
132   4.056
133   4.05602
134   4.05605
135   4.05608
136   4.05611
137   4.05613
138   4.05616
139   4.05618
140   4.05621
141   4.05623
142   4.05625
143   4.05627
144   4.0563
145   4.05632
146   4.05634
147   4.05636
148   4.05638
149   4.0564
150   4.05642
151   4.05644
152   4.05646
153   4.05648
154   4.0565
155   4.05651
156   4.05653
157   4.05655
158   4.05656
159   4.05658
160   4.0566
161   4.05661
162   4.05663
163   4.05664
164   4.05666
165   4.05667
166   4.05669
167   4.0567
168   4.05672
169   4.05673
170   4.05674
171   4.05676
172   4.05677
173   4.05678
174   4.05679
175   4.05681
176   4.05682
177   4.05683
178   4.05684
179   4.05685
180   4.05687
181   4.05688
182   4.05689
183   4.0569
184   4.05691
185   4.05692
186   4.05693
187   4.05694
188   4.05695
189   4.05696
190   4.05697
191   4.05698
192   4.05699
193   4.057
194   4.05701
195   4.05702
196   4.05702
197   4.05703
198   4.05704
199   4.05705
200   4.05706
