2   4.79997
2.5   4.22059
3   4.08
3.5   4.05936
4   4.05768
4.5   4.05754
5   4.05746
5.5   4.05737
6   4.05728
6.5   4.05717
7   4.05706
7.5   4.05694
8   4.05681
8.5   4.05667
9   4.05652
9.5   4.05637
10   4.05621
10.5   4.05603
11   4.05585
11.5   4.05567
12   4.05547
12.5   4.05526
13   4.05505
13.5   4.05483
14   4.0546
14.5   4.05436
15   4.05411
15.5   4.05386
16   4.05359
16.5   4.05332
17   4.05304
17.5   4.05275
18   4.05245
18.5   4.05214
19   4.05183
19.5   4.0515
20   4.05117
20.5   4.05083
21   4.05048
21.5   4.05013
22   4.04976
22.5   4.04938
23   4.049
23.5   4.04861
24   4.04821
24.5   4.0478
25   4.04738
25.5   4.04696
26   4.04652
26.5   4.04608
27   4.04563
27.5   4.04516
28   4.04469
28.5   4.04422
29   4.04373
29.5   4.04323
30   4.04273
30.5   4.04222
31   4.04169
31.5   4.04116
32   4.04063
32.5   4.04008
33   4.03952
33.5   4.03895
34   4.03838
34.5   4.0378
35   4.0372
35.5   4.0366
36   4.03599
36.5   4.03537
37   4.03475
37.5   4.03411
38   4.03346
38.5   4.03281
39   4.03214
39.5   4.03147
40   4.03079
40.5   4.0301
41   4.0294
41.5   4.02869
42   4.02797
42.5   4.02724
43   4.0265
43.5   4.02576
44   4.025
44.5   4.02424
45   4.02347
45.5   4.02268
46   4.02189
46.5   4.02109
47   4.02028
47.5   4.01946
48   4.01863
48.5   4.01779
49   4.01694
49.5   4.01608
50   4.01521
