1     0
2     2
3     3
4     4
5     6
6     10
7     12
8     14
9     16
10     18
11     20
12     22
13     24
14     26
15     28
16     30
17     32
18     34
19     36
20     39
21     42
22     45
23     49
24     52
25     56
26     61
27     66
28     71
29     77
30     83
31     90
32     98
33     106
34     115
35     125
36     137
37     142
38     146
39     151
40     155
41     159
42     164
43     169
44     173
45     178
46     183
47     187
48     192
49     197
50     202
51     207
52     212
53     219
54     224
55     229
56     235
57     242
58     248
59     254
60     262
61     268
62     274
63     282
64     289
65     297
66     304
67     313
68     322
69     329
70     337
71     347
72     356
73     365
74     375
75     385
76     393
77     399
78     406
79     414
80     421
81     430
82     438
83     446
84     453
85     461
86     471
87     479
88     489
89     496
90     505
91     516
92     525
93     537
94     546
95     553
96     565
97     575
98     586
99     595
100     607
101     620
102     630
103     645
104     657
105     669
106     683
107     695
108     708
109     722
110     735
111     750
112     764
113     780
114     795
115     812
116     828
117     844
118     862
119     880
120     897
121     914
122     928
123     943
124     961
125     976
126     993
127     1009
128     1024
129     1044
130     1059
131     1076
132     1093
133     1113
134     1134
135     1152
136     1172
137     1194
138     1215
139     1234
140     1254
141     1274
142     1297
143     1323
144     1345
145     1368
146     1390
147     1418
148     1445
149     1469
150     1494
151     1519
152     1541
153     1563
154     1591
155     1616
156     1643
157     1667
158     1685
159     1711
160     1734
161     1759
162     1783
163     1805
164     1827
165     1854
166     1879
167     1900
168     1933
169     1967
170     1993
171     2029
172     2057
173     2082
174     2112
175     2139
176     2175
177     2212
178     2241
179     2272
180     2313
181     2340
182     2374
183     2413
184     2450
185     2484
186     2524
187     2553
188     2600
189     2646
190     2683
191     2706
192     2748
193     2772
194     2804
195     2849
196     2888
197     2923
198     2955
199     2987
200     3027
