1     0
2     2
3     5
4     9
5     16
6     25
7     35
8     48
9     63
10     80
11     100
12     126
13     153
14     189
15     222
16     264
17     308
18     362
19     405
20     457
21     518
22     566
23     646
24     708
25     772
26     837
27     919
28     1012
29     1093
30     1200
31     1279
32     1380
33     1488
34     1599
35     1699
36     1826
37     1892
38     2026
39     2156
40     2291
41     2422
42     2553
43     2633
44     2797
45     2945
46     3077
47     3226
48     3407
49     3539
50     3689
51     3863
52     3991
53     4202
54     4329
55     4483
56     4696
57     4880
58     5014
59     5254
60     5414
61     5641
62     5816
63     5992
64     6248
65     6396
66     6569
67     6817
68     7002
69     7205
70     7462
71     7668
72     7912
73     8136
74     8375
75     8706
76     8851
77     9096
78     9366
79     9591
80     9861
81     10105
82     10432
83     10598
84     10939
85     11143
86     11419
87     11698
88     12016
89     12370
90     12616
91     12805
92     13141
93     13379
94     13803
95     13978
96     14330
97     14664
98     14877
99     15319
100     15706
101     15852
102     16237
103     16563
104     16908
105     17180
106     17636
107     17970
108     18192
109     18683
110     19116
111     19226
112     19779
113     19914
114     20319
115     20962
116     21124
117     21556
118     22027
119     22159
120     22689
121     22933
122     23436
123     23893
124     24101
125     24718
126     25154
127     25532
128     25989
129     26294
130     26653
131     27230
132     27516
133     28139
134     28476
135     28678
136     29281
137     29668
138     30034
139     30676
140     31185
141     31597
142     32059
143     32332
144     32869
145     33445
146     33713
147     34395
148     34753
149     35246
150     35744
151     36110
152     36887
153     37051
154     37677
155     38104
156     38640
157     39240
158     39891
159     40218
160     40816
161     41266
162     41789
163     42540
164     42899
165     43578
166     43951
167     44522
168     45191
169     45610
170     46222
171     46638
172     47185
173     47934
174     48399
175     48970
176     49611
177     50059
178     50725
179     51116
180     51678
181     52463
182     52807
183     53602
184     54250
185     54672
186     55487
187     55928
188     56613
189     57185
190     57625
191     58620
192     59219
193     59555
194     60315
195     60917
196     61573
197     62323
198     62749
199     63494
200     64299
