1371.93
3315.22
608.758
4288.9
154.37
2699.76
864.408
3859.93
18.9899
2967.11
2112.84
4441.31
268.013
2321.15
1123.25
4150.01
432.515
3658.29
1768.93
4387.03
2.99972
2901.19
731.997
4200.67
65.6836
3375.38
1634.07
3951.4
193.254
2459.72
1308.34
4428.48
495.446
3492.28
1974.44
4359.01
45.8522
2597.4
1005.18
4075.93
120.082
3736.69
1534.45
4403.05
373.546
2390.51
919.761
4261.46
539.534
3223.03
1871.29
4326.26
6.99859
2801.1
1183.94
3994.65
58.5089
3548.92
1468.87
4437.7
221.683
2528.7
810.393
4167.37
392.754
3160.34
2182.25
4416.89
10.9966
3096.76
1063.64
3906.48
99.8228
3684.78
1701.24
4368.88
301.311
2494.24
681.557
4232.05
656.903
3434.42
2043.55
4447.06
31.1098
2733.66
1245.66
3811.78
179.788
3520.76
1567.5
4314.32
236.639
2251.71
947.923
4095.14
453.058
3345.44
1837.07
4395.31
51.8944
2999.81
1153.46
4036.17
109.69
3787.13
1436.36
4433.4
336.501
2665.74
783.905
4216.6
585.279
3128.66
2078.17
4450.69
14.9936
2834.61
1404.04
3929.15
130.995
3604.28
1735.02
4337.7
284.423
2425.14
706.59
4113.89
517.28
3463.5
1939.98
4378.22
22.9868
3032.33
1034.27
4015.63
81.6776
3710.91
1501.57
4444.21
207.22
2563.09
891.921
4275.43
412.411
3254.01
2216.98
4461.17
35.5083
2767.45
1276.88
3883.41
142.426
3576.76
1667.59
4410.25
318.672
2286.44
976.399
4132.18
632.635
3284.74
1905.59
4422.97
26.9998
2934.24
1214.67
3836.05
90.4839
3762.09
1600.71
4455.31
252.083
2355.85
757.77
4184.26
474.037
3191.8
2008.97
4301.86
40.3933
2867.98
837.23
4056.27
166.826
3631.45
2147.53
4348.61
73.4089
2631.62
1340.02
4247
562.202
3405.04
1802.94
4469.09
354.794
3973.24
1093.31
3064.64
