1  0.010678
2  0.0212502
3  0.0316123
4  0.0416617
5  0.0512993
6  0.0604303
7  0.0689649
8  0.0768198
9  0.0839183
10  0.0901918
11  0.09558
12  0.100032
13  0.103505
14  0.105968
15  0.107399
16  0.107787
17  0.10713
18  0.105439
19  0.102731
20  0.0990367
21  0.0943943
22  0.0888514
23  0.082464
24  0.0752958
25  0.0674175
26  0.0589062
27  0.0498441
28  0.0403181
29  0.0304187
30  0.020239
31  0.00987375
32  -0.000581547
33  -0.0110316
34  -0.0213822
35  -0.0315411
36  -0.0414193
37  -0.0509309
38  -0.059995
39  -0.0685355
40  -0.0764822
41  -0.083771
42  -0.0903448
43  -0.0961536
44  -0.101155
45  -0.105313
46  -0.108603
47  -0.111003
48  -0.112503
49  -0.1131
50  -0.112798
51  -0.111608
52  -0.109548
53  -0.106644
54  -0.102927
55  -0.0984348
56  -0.0932094
57  -0.0872983
58  -0.080753
59  -0.0736285
60  -0.0659829
61  -0.0578766
62  -0.0493721
63  -0.0405326
64  -0.0314223
65  -0.0221052
66  -0.0126451
67  -0.00310435
68  0.00645579
69  0.0159762
70  0.0254001
71  0.0346735
72  0.0437453
73  0.0525678
74  0.061097
75  0.0692924
76  0.0771179
77  0.0845409
78  0.0915332
79  0.0980707
80  0.104133
81  0.109705
82  0.114774
83  0.119333
84  0.123376
85  0.126903
86  0.129917
87  0.132424
88  0.134432
89  0.135952
90  0.137
91  0.13759
92  0.137742
93  0.137475
94  0.13681
95  0.13577
96  0.134379
97  0.132662
98  0.130642
99  0.128346
100  0.125799
101  0.123025
102  0.120051
103  0.1169
104  0.113596
105  0.110164
106  0.106625
107  0.103001
108  0.0993132
109  0.0955807
110  0.091822
111  0.0880545
112  0.0842944
113  0.0805565
114  0.0768545
115  0.0732009
116  0.069607
117  0.0660828
118  0.0626374
119  0.0592785
120  0.0560129
121  0.0528463
122  0.0497834
123  0.046828
124  0.0439829
125  0.0412504
126  0.0386317
127  0.0361274
128  0.0337376
129  0.0314616
130  0.0292983
131  0.0272461
132  0.025303
133  0.0234666
134  0.0217342
135  0.0201027
136  0.0185691
137  0.0171299
138  0.0157816
139  0.0145206
140  0.0133431
141  0.0122453
142  0.0112236
143  0.0102741
144  0.00939309
145  0.00857689
146  0.00782188
147  0.0071245
148  0.00648132
149  0.00588898
150  0.00534426
151  0.00484405
152  0.00438537
153  0.00396535
154  0.00358127
155  0.00323054
156  0.00291071
157  0.00261945
158  0.00235457
159  0.00211399
160  0.00189578
161  0.00169812
162  0.00151931
163  0.00135776
164  0.00121198
165  0.00108062
166  0.000962397
167  0.000856128
168  0.000760725
169  0.000675185
170  0.000598582
171  0.000530068
172  0.000468862
173  0.000414252
174  0.000365584
175  0.000322263
176  0.000283748
177  0.000249543
178  0.000219201
179  0.000192315
180  0.000168517
181  0.000147474
182  0.000128885
183  0.000112478
184  9.80096e-005
185  8.52586e-005
186  7.40273e-005
187  6.41378e-005
188  5.54303e-005
189  4.77611e-005
190  4.10011e-005
191  3.50342e-005
192  2.97559e-005
193  2.50716e-005
194  2.08956e-005
195  1.71498e-005
196  1.37624e-005
197  1.06672e-005
198  7.80164e-006
199  5.10664e-006
200  2.52491e-006
