0.04    0.00419114
0.08    0.00853498
0.12    0.0130191
0.16    0.0176304
0.2    0.0223553
0.24    0.0271796
0.28    0.0320888
0.32    0.0370679
0.36    0.0421015
0.4    0.0471743
0.44    0.0522704
0.48    0.0573742
0.52    0.0624698
0.56    0.0675415
0.6    0.0725736
0.64    0.0775508
0.68    0.0824578
0.72    0.0872799
0.76    0.0920027
0.8    0.0966121
0.84    0.101095
0.88    0.105438
0.92    0.109629
0.96    0.113657
1    0.117511
1.04    0.12118
1.08    0.124656
1.12    0.12793
1.16    0.130994
1.2    0.133843
1.24    0.136469
1.28    0.138868
1.32    0.141037
1.36    0.142971
1.4    0.144669
1.44    0.14613
1.48    0.147354
1.52    0.148339
1.56    0.149089
1.6    0.149605
1.64    0.14989
1.68    0.149947
1.72    0.149782
1.76    0.149399
1.8    0.148803
1.84    0.148002
1.88    0.147002
1.92    0.14581
1.96    0.144435
2    0.142884
2.04    0.141166
2.08    0.13929
2.12    0.137266
2.16    0.135102
2.2    0.132808
2.24    0.130394
2.28    0.12787
2.32    0.125245
2.36    0.122529
2.4    0.119732
2.44    0.116864
2.48    0.113933
2.52    0.11095
2.56    0.107923
2.6    0.104862
2.64    0.101774
2.68    0.0986689
2.72    0.095554
2.76    0.0924371
2.8    0.0893256
2.84    0.0862266
2.88    0.0831467
2.92    0.0800922
2.96    0.0770689
3    0.0740825
3.04    0.0711379
3.08    0.0682399
3.12    0.0653928
3.16    0.0626006
3.2    0.0598667
3.24    0.0571944
3.28    0.0545864
3.32    0.0520452
3.36    0.0495729
3.4    0.0471711
3.44    0.0448413
3.48    0.0425847
3.52    0.040402
3.56    0.0382937
3.6    0.0362602
3.64    0.0343013
3.68    0.032417
3.72    0.0306066
3.76    0.0288697
3.8    0.0272053
3.84    0.0256124
3.88    0.0240899
3.92    0.0226364
3.96    0.0212505
4    0.0199307
4.04    0.0186753
4.08    0.0174826
4.12    0.0163507
4.16    0.0152779
4.2    0.0142623
4.24    0.0133018
4.28    0.0123945
4.32    0.0115384
4.36    0.0107316
4.4    0.00997206
4.44    0.00925776
4.48    0.00858677
4.52    0.00795715
4.56    0.00736697
4.6    0.00681438
4.64    0.00629751
4.68    0.00581458
4.72    0.00536383
4.76    0.00494357
4.8    0.00455213
4.84    0.00418791
4.88    0.00384938
4.92    0.00353505
4.96    0.00324348
5    0.00297331
5.04    0.0027232
5.08    0.00249192
5.12    0.00227825
5.16    0.00208106
5.2    0.00189925
5.24    0.00173179
5.28    0.0015777
5.32    0.00143605
5.36    0.00130597
5.4    0.00118663
5.44    0.00107724
5.48    0.00097708
5.52    0.000885455
5.56    0.00080172
5.6    0.000725269
5.64    0.000655534
5.68    0.000591988
5.72    0.000534136
5.76    0.000481518
5.8    0.000433706
5.84    0.000390302
5.88    0.000350937
5.92    0.000315269
5.96    0.000282981
6    0.00025378
6.04    0.000227395
6.08    0.000203578
6.12    0.000182098
6.16    0.000162744
6.2    0.000145322
6.24    0.000129653
6.28    0.000115574
6.32    0.000102936
6.36    9.16009e-005
6.4    8.14442e-005
6.44    7.23516e-005
6.48    6.42192e-005
6.52    5.69521e-005
6.56    5.04642e-005
6.6    4.46772e-005
6.64    3.95201e-005
6.68    3.49284e-005
6.72    3.0844e-005
6.76    2.7214e-005
6.8    2.39908e-005
6.84    2.11313e-005
6.88    1.85969e-005
6.92    1.63526e-005
6.96    1.43669e-005
7    1.26116e-005
7.04    1.10614e-005
7.08    9.69353e-006
7.12    8.48763e-006
7.16    7.42546e-006
7.2    6.49073e-006
7.24    5.66887e-006
7.28    4.9469e-006
7.32    4.31323e-006
7.36    3.75756e-006
7.4    3.27072e-006
7.44    2.84456e-006
7.48    2.47185e-006
7.52    2.14616e-006
7.56    1.86181e-006
7.6    1.61378e-006
7.64    1.39762e-006
7.68    1.20939e-006
7.72    1.04564e-006
7.76    9.03302e-007
7.8    7.79684e-007
7.84    6.72422e-007
7.88    5.79431e-007
7.92    4.98878e-007
7.96    4.29164e-007
8    3.68881e-007
8.04    3.168e-007
8.08    2.71847e-007
8.12    2.33082e-007
8.16    1.99675e-007
8.2    1.70914e-007
8.24    1.46173e-007
8.28    1.24908e-007
8.32    1.06647e-007
8.36    9.0984e-008
8.4    7.75575e-008
8.44    6.6059e-008
8.48    5.62179e-008
8.52    4.78019e-008
8.56    4.06109e-008
8.6    3.44757e-008
8.64    2.92426e-008
8.68    2.47821e-008
8.72    2.09837e-008
8.76    1.77558e-008
8.8    1.50157e-008
8.84    1.26908e-008
8.88    1.07144e-008
8.92    9.03754e-009
8.96    7.61498e-009
9    6.41147e-009
9.04    5.39285e-009
9.08    4.53584e-009
9.12    3.81203e-009
9.16    3.20261e-009
9.2    2.68815e-009
9.24    2.25552e-009
9.28    1.88647e-009
9.32    1.57943e-009
9.36    1.32047e-009
9.4    1.10287e-009
9.44    9.17133e-010
9.48    7.66588e-010
9.52    6.38651e-010
9.56    5.33266e-010
9.6    4.41038e-010
9.64    3.62396e-010
9.68    2.90988e-010
9.72    2.36117e-010
9.76    1.91857e-010
9.8    1.53059e-010
9.84    1.16424e-010
9.88    8.63872e-011
9.92    5.73438e-011
9.96    2.83666e-011
