0.015    0.00275962
0.03    0.00551738
0.045    0.00827142
0.06    0.0110199
0.075    0.0137609
0.09    0.0164927
0.105    0.0192133
0.12    0.021921
0.135    0.0246141
0.15    0.0272906
0.165    0.0299488
0.18    0.0325869
0.195    0.0352034
0.21    0.0377963
0.225    0.0403642
0.24    0.0429052
0.255    0.0454178
0.27    0.0479005
0.285    0.0503516
0.3    0.0527696
0.315    0.0551531
0.33    0.0575006
0.345    0.0598107
0.36    0.062082
0.375    0.0643132
0.39    0.066503
0.405    0.0686503
0.42    0.0707537
0.435    0.0728122
0.45    0.0748246
0.465    0.0767899
0.48    0.0787072
0.495    0.0805754
0.51    0.0823936
0.525    0.0841611
0.54    0.0858769
0.555    0.0875405
0.57    0.089151
0.585    0.0907078
0.6    0.0922104
0.615    0.0936583
0.63    0.0950509
0.645    0.0963878
0.66    0.0976687
0.675    0.0988932
0.69    0.100061
0.705    0.101172
0.72    0.102226
0.735    0.103223
0.75    0.104163
0.765    0.105046
0.78    0.105872
0.795    0.106641
0.81    0.107353
0.825    0.108008
0.84    0.108607
0.855    0.10915
0.87    0.109637
0.885    0.110069
0.9    0.110446
0.915    0.110768
0.93    0.111037
0.945    0.111252
0.96    0.111415
0.975    0.111525
0.99    0.111584
1.005    0.111592
1.02    0.111551
1.035    0.11146
1.05    0.111321
1.065    0.111134
1.08    0.110901
1.095    0.110622
1.11    0.110298
1.125    0.10993
1.14    0.109519
1.155    0.109066
1.17    0.108573
1.185    0.10804
1.2    0.107467
1.215    0.106858
1.23    0.106211
1.245    0.105529
1.26    0.104813
1.275    0.104063
1.29    0.103281
1.305    0.102468
1.32    0.101625
1.335    0.100753
1.35    0.0998541
1.365    0.0989284
1.38    0.0979774
1.395    0.0970022
1.41    0.0960041
1.425    0.094984
1.44    0.0939433
1.455    0.092883
1.47    0.0918043
1.485    0.0907082
1.5    0.0895959
1.515    0.0884684
1.53    0.087327
1.545    0.0861726
1.56    0.0850063
1.575    0.0838292
1.59    0.0826423
1.605    0.0814466
1.62    0.0802432
1.635    0.0790329
1.65    0.0778169
1.665    0.076596
1.68    0.0753712
1.695    0.0741433
1.71    0.0729134
1.725    0.0716822
1.74    0.0704506
1.755    0.0692194
1.77    0.0679895
1.785    0.0667617
1.8    0.0655366
1.815    0.0643151
1.83    0.0630978
1.845    0.0618855
1.86    0.0606788
1.875    0.0594784
1.89    0.0582849
1.905    0.0570989
1.92    0.0559209
1.935    0.0547516
1.95    0.0535915
1.965    0.0524411
1.98    0.0513008
1.995    0.0501711
2.01    0.0490526
2.025    0.0479454
2.04    0.0468502
2.055    0.0457672
2.07    0.0446968
2.085    0.0436393
2.1    0.0425951
2.115    0.0415644
2.13    0.0405474
2.145    0.0395445
2.16    0.0385558
2.175    0.0375816
2.19    0.036622
2.205    0.0356772
2.22    0.0347473
2.235    0.0338325
2.25    0.032933
2.265    0.0320486
2.28    0.0311797
2.295    0.0303262
2.31    0.0294881
2.325    0.0286656
2.34    0.0278586
2.355    0.027067
2.37    0.026291
2.385    0.0255305
2.4    0.0247854
2.415    0.0240557
2.43    0.0233414
2.445    0.0226422
2.46    0.0219583
2.475    0.0212895
2.49    0.0206356
2.505    0.0199965
2.52    0.0193722
2.535    0.0187626
2.55    0.0181673
2.565    0.0175864
2.58    0.0170197
2.595    0.0164669
2.61    0.015928
2.625    0.0154028
2.64    0.014891
2.655    0.0143926
2.67    0.0139072
2.685    0.0134348
2.7    0.0129751
2.715    0.0125279
2.73    0.0120931
2.745    0.0116703
2.76    0.0112595
2.775    0.0108603
2.79    0.0104727
2.805    0.0100963
2.82    0.009731
2.835    0.00937653
2.85    0.00903268
2.865    0.00869925
2.88    0.00837601
2.895    0.00806274
2.91    0.00775924
2.925    0.00746529
2.94    0.00718067
2.955    0.00690516
2.97    0.00663856
2.985    0.00638066
3    0.00613124
3.015    0.0058901
3.03    0.00565703
3.045    0.00543183
3.06    0.00521429
3.075    0.00500422
3.09    0.00480141
3.105    0.00460569
3.12    0.00441684
3.135    0.00423468
3.15    0.00405904
3.165    0.00388971
3.18    0.00372653
3.195    0.00356931
3.21    0.00341787
3.225    0.00327206
3.24    0.00313169
3.255    0.00299661
3.27    0.00286665
3.285    0.00274165
3.3    0.00262145
3.315    0.00250591
3.33    0.00239488
3.345    0.0022882
3.36    0.00218574
3.375    0.00208736
3.39    0.00199291
3.405    0.00190228
3.42    0.00181532
3.435    0.00173191
3.45    0.00165194
3.465    0.00157527
3.48    0.0015018
3.495    0.0014314
3.51    0.00136397
3.525    0.0012994
3.54    0.00123759
3.555    0.00117843
3.57    0.00112183
3.585    0.00106768
3.6    0.00101591
3.615    0.000966409
3.63    0.000919098
3.645    0.000873892
3.66    0.000830709
3.675    0.000789469
3.69    0.000750094
3.705    0.000712512
3.72    0.000676649
3.735    0.000642436
3.75    0.000609806
3.765    0.000578695
3.78    0.000549038
3.795    0.000520775
3.81    0.000493849
3.825    0.000468202
3.84    0.000443781
3.855    0.000420532
3.87    0.000398406
3.885    0.000377353
3.9    0.000357327
3.915    0.000338283
3.93    0.000320176
3.945    0.000302967
3.96    0.000286614
3.975    0.000271079
3.99    0.000256324
4.005    0.000242315
4.02    0.000229016
4.035    0.000216396
4.05    0.000204422
4.065    0.000193065
4.08    0.000182295
4.095    0.000172085
4.11    0.000162409
4.125    0.000153239
4.14    0.000144553
4.155    0.000136327
4.17    0.000128539
4.185    0.000121166
4.2    0.00011419
4.215    0.000107589
4.23    0.000101346
4.245    9.54425e-005
4.26    8.98615e-005
4.275    8.45869e-005
4.29    7.96029e-005
4.305    7.48948e-005
4.32    7.04485e-005
4.335    6.62505e-005
4.35    6.22879e-005
4.365    5.85484e-005
4.38    5.50204e-005
4.395    5.16927e-005
4.41    4.85549e-005
4.425    4.55967e-005
4.44    4.28086e-005
4.455    4.01815e-005
4.47    3.77067e-005
4.485    3.5376e-005
4.5    3.31815e-005
4.515    3.11158e-005
4.53    2.91719e-005
4.545    2.73429e-005
4.56    2.56225e-005
4.575    2.40048e-005
4.59    2.24838e-005
4.605    2.10543e-005
4.62    1.9711e-005
4.635    1.84491e-005
4.65    1.72639e-005
4.665    1.61511e-005
4.68    1.51064e-005
4.695    1.4126e-005
4.71    1.32061e-005
4.725    1.23432e-005
4.74    1.1534e-005
4.755    1.07753e-005
4.77    1.00641e-005
4.785    9.39766e-006
4.8    8.7733e-006
4.815    8.1885e-006
4.83    7.64088e-006
4.845    7.12822e-006
4.86    6.64839e-006
4.875    6.19941e-006
4.89    5.7794e-006
4.905    5.38657e-006
4.92    5.01927e-006
4.935    4.67592e-006
4.95    4.35504e-006
4.965    4.05522e-006
4.98    3.77516e-006
4.995    3.51362e-006
5.01    3.26943e-006
5.025    3.0415e-006
5.04    2.82879e-006
5.055    2.63035e-006
5.07    2.44525e-006
5.085    2.27264e-006
5.1    2.11172e-006
5.115    1.96174e-006
5.13    1.82197e-006
5.145    1.69177e-006
5.16    1.5705e-006
5.175    1.45758e-006
5.19    1.35246e-006
5.205    1.25462e-006
5.22    1.16358e-006
5.235    1.07889e-006
5.25    1.00013e-006
5.265    9.26891e-007
5.28    8.5881e-007
5.295    7.95535e-007
5.31    7.36743e-007
5.325    6.82127e-007
5.34    6.31404e-007
5.355    5.84304e-007
5.37    5.40581e-007
5.385    5e-007
5.4    4.62343e-007
5.415    4.27408e-007
5.43    3.95004e-007
5.445    3.64954e-007
5.46    3.37092e-007
5.475    3.11264e-007
5.49    2.87324e-007
5.505    2.6514e-007
5.52    2.44584e-007
5.535    2.2554e-007
5.55    2.07899e-007
5.565    1.91559e-007
5.58    1.76423e-007
5.595    1.62405e-007
5.61    1.4942e-007
5.625    1.37393e-007
5.64    1.2625e-007
5.655    1.15926e-007
5.67    1.06358e-007
5.685    9.74865e-008
5.7    8.92591e-008
5.715    8.16241e-008
5.73    7.45342e-008
5.745    6.79442e-008
5.76    6.18128e-008
5.775    5.61009e-008
5.79    5.07721e-008
5.805    4.57918e-008
5.82    4.11277e-008
5.835    3.67493e-008
5.85    3.26277e-008
5.865    2.87354e-008
5.88    2.50461e-008
5.895    2.15351e-008
5.91    1.8178e-008
5.925    1.49516e-008
5.94    1.18326e-008
5.955    8.79953e-009
5.97    5.83049e-009
5.985    2.90433e-009
