0.015    0.00377808
0.03    0.00754681
0.045    0.0112969
0.06    0.015019
0.075    0.0187039
0.09    0.0223426
0.105    0.025926
0.12    0.0294453
0.135    0.0328919
0.15    0.0362572
0.165    0.0395329
0.18    0.0427111
0.195    0.0457838
0.21    0.0487437
0.225    0.0515833
0.24    0.054296
0.255    0.0568749
0.27    0.059314
0.285    0.0616072
0.3    0.063749
0.315    0.0657344
0.33    0.0675586
0.345    0.0692173
0.36    0.0707065
0.375    0.0720227
0.39    0.0731631
0.405    0.0741248
0.42    0.0749059
0.435    0.0755045
0.45    0.0759195
0.465    0.0761501
0.48    0.0761959
0.495    0.0760571
0.51    0.0757342
0.525    0.0752284
0.54    0.0745411
0.555    0.0736741
0.57    0.07263
0.585    0.0714114
0.6    0.0700216
0.615    0.0684641
0.63    0.0667431
0.645    0.0648628
0.66    0.0628281
0.675    0.0606441
0.69    0.0583162
0.705    0.0558502
0.72    0.0532523
0.735    0.0505287
0.75    0.0476863
0.765    0.0447319
0.78    0.0416726
0.795    0.038516
0.81    0.0352695
0.825    0.0319409
0.84    0.0285382
0.855    0.0250693
0.87    0.0215426
0.885    0.0179662
0.9    0.0143485
0.915    0.0106979
0.93    0.00702287
0.945    0.00333181
0.96    -0.000366823
0.975    -0.00406463
0.99    -0.00775324
1.005    -0.0114244
1.02    -0.0150698
1.035    -0.0186815
1.05    -0.0222515
1.065    -0.0257719
1.08    -0.0292351
1.095    -0.0326336
1.11    -0.0359602
1.125    -0.0392078
1.14    -0.0423694
1.155    -0.0454386
1.17    -0.048409
1.185    -0.0512746
1.2    -0.0540294
1.215    -0.056668
1.23    -0.0591852
1.245    -0.061576
1.26    -0.063836
1.275    -0.0659607
1.29    -0.0679464
1.305    -0.0697893
1.32    -0.0714863
1.335    -0.0730344
1.35    -0.074431
1.365    -0.0756739
1.38    -0.0767613
1.395    -0.0776916
1.41    -0.0784637
1.425    -0.0790766
1.44    -0.07953
1.455    -0.0798237
1.47    -0.0799579
1.485    -0.079933
1.5    -0.07975
1.515    -0.07941
1.53    -0.0789145
1.545    -0.0782653
1.56    -0.0774644
1.575    -0.0765142
1.59    -0.0754173
1.605    -0.0741767
1.62    -0.0727955
1.635    -0.0712772
1.65    -0.0696253
1.665    -0.0678438
1.68    -0.0659367
1.695    -0.0639083
1.71    -0.061763
1.725    -0.0595055
1.74    -0.0571406
1.755    -0.0546732
1.77    -0.0521084
1.785    -0.0494514
1.8    -0.0467074
1.815    -0.0438819
1.83    -0.0409803
1.845    -0.0380082
1.86    -0.0349711
1.875    -0.0318747
1.89    -0.0287246
1.905    -0.0255265
1.92    -0.0222861
1.935    -0.0190091
1.95    -0.015701
1.965    -0.0123674
1.98    -0.00901404
1.995    -0.00564629
2.01    -0.00226963
2.025    0.00111059
2.04    0.00448908
2.055    0.00786067
2.07    0.0112203
2.085    0.0145629
2.1    0.0178838
2.115    0.0211781
2.13    0.0244414
2.145    0.0276691
2.16    0.0308569
2.175    0.0340009
2.19    0.0370968
2.205    0.040141
2.22    0.0431297
2.235    0.0460596
2.25    0.0489272
2.265    0.0517294
2.28    0.0544634
2.295    0.0571262
2.31    0.0597154
2.325    0.0622285
2.34    0.0646633
2.355    0.0670177
2.37    0.0692899
2.385    0.0714782
2.4    0.0735811
2.415    0.0755972
2.43    0.0775254
2.445    0.0793648
2.46    0.0811145
2.475    0.082774
2.49    0.0843426
2.505    0.0858202
2.52    0.0872066
2.535    0.0885017
2.55    0.0897058
2.565    0.0908191
2.58    0.0918422
2.595    0.0927754
2.61    0.0936197
2.625    0.0943757
2.64    0.0950445
2.655    0.0956272
2.67    0.0961248
2.685    0.0965387
2.7    0.0968703
2.715    0.0971211
2.73    0.0972926
2.745    0.0973864
2.76    0.0974044
2.775    0.0973482
2.79    0.0972198
2.805    0.0970211
2.82    0.096754
2.835    0.0964206
2.85    0.0960229
2.865    0.0955631
2.88    0.0950433
2.895    0.0944656
2.91    0.0938323
2.925    0.0931456
2.94    0.0924076
2.955    0.0916207
2.97    0.090787
2.985    0.0899088
3    0.0889884
3.015    0.0880279
3.03    0.0870297
3.045    0.0859958
3.06    0.0849285
3.075    0.08383
3.09    0.0827023
3.105    0.0815477
3.12    0.0803681
3.135    0.0791657
3.15    0.0779424
3.165    0.0767002
3.18    0.0754411
3.195    0.0741669
3.21    0.0728795
3.225    0.0715807
3.24    0.0702723
3.255    0.068956
3.27    0.0676334
3.285    0.0663061
3.3    0.0649757
3.315    0.0636437
3.33    0.0623116
3.345    0.0609808
3.36    0.0596525
3.375    0.0583281
3.39    0.0570089
3.405    0.055696
3.42    0.0543906
3.435    0.0530937
3.45    0.0518064
3.465    0.0505295
3.48    0.0492642
3.495    0.0480111
3.51    0.0467712
3.525    0.0455452
3.54    0.0443338
3.555    0.0431377
3.57    0.0419575
3.585    0.0407938
3.6    0.039647
3.615    0.0385178
3.63    0.0374065
3.645    0.0363136
3.66    0.0352393
3.675    0.034184
3.69    0.033148
3.705    0.0321316
3.72    0.0311348
3.735    0.0301579
3.75    0.0292011
3.765    0.0282644
3.78    0.0273479
3.795    0.0264516
3.81    0.0255756
3.825    0.0247198
3.84    0.0238842
3.855    0.0230687
3.87    0.0222733
3.885    0.0214979
3.9    0.0207422
3.915    0.0200062
3.93    0.0192896
3.945    0.0185924
3.96    0.0179142
3.975    0.017255
3.99    0.0166143
4.005    0.0159921
4.02    0.015388
4.035    0.0148018
4.05    0.0142331
4.065    0.0136818
4.08    0.0131475
4.095    0.0126298
4.11    0.0121286
4.125    0.0116435
4.14    0.0111741
4.155    0.0107201
4.17    0.0102813
4.185    0.00985725
4.2    0.00944765
4.215    0.00905216
4.23    0.00867046
4.245    0.00830221
4.26    0.00794707
4.275    0.00760471
4.29    0.0072748
4.305    0.00695702
4.32    0.00665103
4.335    0.0063565
4.35    0.00607312
4.365    0.00580057
4.38    0.00553853
4.395    0.00528669
4.41    0.00504474
4.425    0.00481239
4.44    0.00458932
4.455    0.00437525
4.47    0.0041699
4.485    0.00397297
4.5    0.00378419
4.515    0.00360328
4.53    0.00342999
4.545    0.00326404
4.56    0.00310519
4.575    0.00295318
4.59    0.00280777
4.605    0.00266872
4.62    0.0025358
4.635    0.00240878
4.65    0.00228745
4.665    0.00217158
4.68    0.00206097
4.695    0.00195541
4.71    0.00185472
4.725    0.00175869
4.74    0.00166715
4.755    0.0015799
4.77    0.00149679
4.785    0.00141763
4.8    0.00134227
4.815    0.00127054
4.83    0.0012023
4.845    0.00113739
4.86    0.00107568
4.875    0.00101702
4.89    0.000961278
4.905    0.000908332
4.92    0.000858055
4.935    0.000810328
4.95    0.000765036
4.965    0.000722068
4.98    0.000681318
4.995    0.000642684
5.01    0.000606067
5.025    0.000571373
5.04    0.000538512
5.055    0.000507395
5.07    0.00047794
5.085    0.000450066
5.1    0.000423697
5.115    0.000398759
5.13    0.000375181
5.145    0.000352896
5.16    0.00033184
5.175    0.000311951
5.19    0.000293169
5.205    0.000275439
5.22    0.000258706
5.235    0.000242919
5.25    0.000228028
5.265    0.000213987
5.28    0.000200752
5.295    0.000188279
5.31    0.000176527
5.325    0.000165459
5.34    0.000155036
5.355    0.000145225
5.37    0.000135992
5.385    0.000127304
5.4    0.000119132
5.415    0.000111446
5.43    0.00010422
5.445    9.74276e-005
5.46    9.10439e-005
5.475    8.50455e-005
5.49    7.94103e-005
5.505    7.41171e-005
5.52    6.91458e-005
5.535    6.44775e-005
5.55    6.0094e-005
5.565    5.59783e-005
5.58    5.21141e-005
5.595    4.84861e-005
5.61    4.50795e-005
5.625    4.18807e-005
5.64    3.88763e-005
5.655    3.60539e-005
5.67    3.34018e-005
5.685    3.09086e-005
5.7    2.85637e-005
5.715    2.63568e-005
5.73    2.42785e-005
5.745    2.23194e-005
5.76    2.04709e-005
5.775    1.87244e-005
5.79    1.70722e-005
5.805    1.55065e-005
5.82    1.40199e-005
5.835    1.26056e-005
5.85    1.12565e-005
5.865    9.96636e-006
5.88    8.72864e-006
5.895    7.53723e-006
5.91    6.38609e-006
5.925    5.26934e-006
5.94    4.18117e-006
5.955    3.11584e-006
5.97    2.06767e-006
5.985    1.03095e-006
