0.00318182    0
0.00636364    0
0.00954545    0
0.0127273    0
0.0159091    0
0.0190909    0
0.0222727    0
0.0254545    0
0.0286364    0
0.0318182    0
0.035    0
0.0381818    0
0.0413636    0
0.0445455    0
0.0477273    0
0.0509091    0
0.0540909    0
0.0572727    0
0.0604545    0
0.0636364    0
0.0668182    0
0.07    0
0.0731818    0
0.0763636    0
0.0795455    1.08694e-322
0.0827273    3.36459e-321
0.0859091    8.14121e-320
0.0890909    1.89634e-318
0.0922727    4.26584e-317
0.0954545    9.27938e-316
0.0986364    1.95425e-314
0.101818    3.98903e-313
0.105    7.90005e-312
0.108182    1.51946e-310
0.111364    2.84081e-309
0.114545    5.16727e-308
0.117727    9.15162e-307
0.120909    1.57937e-305
0.124091    2.65789e-304
0.127273    4.36466e-303
0.130455    6.99859e-302
0.133636    1.09644e-300
0.136818    1.6793e-299
0.14    2.51587e-298
0.143182    3.68885e-297
0.146364    5.29618e-296
0.149545    7.44927e-295
0.152727    1.02694e-293
0.155909    1.38821e-292
0.159091    1.84088e-291
0.162273    2.39572e-290
0.165455    3.06097e-289
0.168636    3.84111e-288
0.171818    4.73575e-287
0.175    5.73862e-286
0.178182    6.83688e-285
0.181364    8.01092e-284
0.184545    9.23456e-283
0.187727    1.04759e-281
0.190909    1.16986e-280
0.194091    1.28637e-279
0.197273    1.39317e-278
0.200455    1.48651e-277
0.203636    1.56302e-276
0.206818    1.61994e-275
0.21    1.65531e-274
0.213182    1.66802e-273
0.216364    1.65794e-272
0.219545    1.62581e-271
0.222727    1.57325e-270
0.225909    1.5026e-269
0.229091    1.41675e-268
0.232273    1.31895e-267
0.235455    1.21264e-266
0.238636    1.10125e-265
0.241818    9.8801e-265
0.245    8.75867e-264
0.248182    7.6734e-263
0.251364    6.64479e-262
0.254545    5.68837e-261
0.257727    4.81477e-260
0.260909    4.03004e-259
0.264091    3.33621e-258
0.267273    2.73194e-257
0.270455    2.21321e-256
0.273636    1.77405e-255
0.276818    1.40722e-254
0.28    1.10476e-253
0.283182    8.58488e-253
0.286364    6.60419e-252
0.289545    5.03008e-251
0.292727    3.7936e-250
0.295909    2.83336e-249
0.299091    2.09591e-248
0.302273    1.53573e-247
0.305455    1.11474e-246
0.308636    8.01667e-246
0.311818    5.71247e-245
0.315    4.03373e-244
0.318182    2.82284e-243
0.321364    1.95796e-242
0.324545    1.34617e-241
0.327727    9.17525e-241
0.330909    6.20007e-240
0.334091    4.15407e-239
0.337273    2.75988e-238
0.340455    1.81837e-237
0.343636    1.18819e-236
0.346818    7.70082e-236
0.35    4.95077e-235
0.353182    3.15738e-234
0.356364    1.99772e-233
0.359545    1.25409e-232
0.362727    7.81159e-232
0.365909    4.8284e-231
0.369091    2.96175e-230
0.372273    1.80306e-229
0.375455    1.08947e-228
0.378636    6.53421e-228
0.381818    3.89024e-227
0.385    2.29928e-226
0.388182    1.34918e-225
0.391364    7.86027e-225
0.394545    4.54696e-224
0.397727    2.61185e-223
0.400909    1.48987e-222
0.404091    8.44e-222
0.407273    4.74854e-221
0.410455    2.65353e-220
0.413636    1.47286e-219
0.416818    8.12076e-219
0.42    4.44787e-218
0.423182    2.42021e-217
0.426364    1.30834e-216
0.429545    7.02718e-216
0.432727    3.7502e-215
0.435909    1.98868e-214
0.439091    1.04793e-213
0.442273    5.48754e-213
0.445455    2.85578e-212
0.448636    1.47705e-211
0.451818    7.59287e-211
0.455    3.87954e-210
0.458182    1.97032e-209
0.461364    9.94707e-209
0.464545    4.99202e-208
0.467727    2.49057e-207
0.470909    1.23532e-206
0.474091    6.09171e-206
0.477273    2.98673e-205
0.480455    1.45602e-204
0.483636    7.05786e-204
0.486818    3.40195e-203
0.49    1.63061e-202
0.493182    7.77245e-202
0.496364    3.6844e-201
0.499545    1.73698e-200
0.502727    8.14436e-200
0.505909    3.79813e-199
0.509091    1.76178e-198
0.512273    8.12857e-198
0.515455    3.73057e-197
0.518636    1.70314e-196
0.521818    7.7349e-196
0.525    3.49464e-195
0.528182    1.57076e-194
0.531364    7.02408e-194
0.534545    3.12505e-193
0.537727    1.38333e-192
0.540909    6.09273e-192
0.544091    2.6701e-191
0.547273    1.16436e-190
0.550455    5.05245e-190
0.553636    2.18166e-189
0.556818    9.37471e-189
0.56    4.00889e-188
0.563182    1.70608e-187
0.566364    7.22601e-187
0.569545    3.04601e-186
0.572727    1.27795e-185
0.575909    5.33645e-185
0.579091    2.21801e-184
0.582273    9.17613e-184
0.585455    3.77877e-183
0.588636    1.54899e-182
0.591818    6.32071e-182
0.595    2.56752e-181
0.598182    1.03825e-180
0.601364    4.17969e-180
0.604545    1.67513e-179
0.607727    6.6839e-179
0.610909    2.65519e-178
0.614091    1.05017e-177
0.617273    4.1355e-177
0.620455    1.62149e-176
0.623636    6.33038e-176
0.626818    2.46083e-175
0.63    9.52539e-175
0.633182    3.67148e-174
0.636364    1.40918e-173
0.639545    5.38608e-173
0.642727    2.05005e-172
0.645909    7.77058e-172
0.649091    2.93325e-171
0.652273    1.10271e-170
0.655455    4.12855e-170
0.658636    1.53946e-169
0.661818    5.71721e-169
0.665    2.11471e-168
0.668182    7.79078e-168
0.671364    2.85878e-167
0.674545    1.04486e-166
0.677727    3.80386e-166
0.680909    1.37939e-165
0.684091    4.98258e-165
0.687273    1.79281e-164
0.690455    6.42594e-164
0.693636    2.29439e-163
0.696818    8.16089e-163
0.7    2.8917e-162
0.703182    1.02075e-161
0.706364    3.58965e-161
0.709545    1.25763e-160
0.712727    4.38965e-160
0.715909    1.52649e-159
0.719091    5.28869e-159
0.722273    1.82559e-158
0.725455    6.27865e-158
0.728636    2.15152e-157
0.731818    7.3459e-157
0.735    2.49905e-156
0.738182    8.47114e-156
0.741364    2.86123e-155
0.744545    9.62972e-155
0.747727    3.22948e-154
0.750909    1.07924e-153
0.754091    3.59396e-153
0.757273    1.19264e-152
0.760455    3.94392e-152
0.763636    1.29969e-151
0.766818    4.26824e-151
0.77    1.3969e-150
0.773182    4.55608e-150
0.776364    1.48093e-149
0.779545    4.79739e-149
0.782727    1.54883e-148
0.785909    4.98358e-148
0.789091    1.59817e-147
0.792273    5.108e-147
0.795455    1.62718e-146
0.798636    5.16633e-146
0.801818    1.63492e-145
0.805    5.15683e-145
0.808182    1.62125e-144
0.811364    5.08044e-144
0.814545    1.58688e-143
0.817727    4.94065e-143
0.820909    1.5333e-142
0.824091    4.74325e-142
0.827273    1.46265e-141
0.830455    4.49596e-141
0.833636    1.37762e-140
0.836818    4.20793e-140
0.84    1.28127e-139
0.843182    3.88917e-139
0.846364    1.17684e-138
0.849545    3.55002e-138
0.852727    1.06758e-137
0.855909    3.20061e-137
0.859091    9.56602e-137
0.862273    2.85038e-136
0.865455    8.46743e-136
0.868636    2.50774e-135
0.871818    7.40461e-135
0.875    2.17978e-134
0.878182    6.39767e-134
0.881364    1.87212e-133
0.884545    5.46199e-133
0.887727    1.58884e-132
0.890909    4.60816e-132
0.894091    1.33259e-131
0.897273    3.84228e-131
0.900455    1.10462e-130
0.903636    3.16646e-130
0.906818    9.05053e-130
0.91    2.5794e-129
0.913182    7.33014e-129
0.916364    2.07711e-128
0.919545    5.86899e-128
0.922727    1.6536e-127
0.925909    4.64584e-127
0.929091    1.30158e-126
0.932273    3.63622e-126
0.935455    1.013e-125
0.938636    2.81419e-125
0.941818    7.79624e-125
0.945    2.15382e-124
0.948182    5.93376e-124
0.951364    1.63024e-123
0.954545    4.4666e-123
0.957727    1.22043e-122
0.960909    3.32551e-122
0.964091    9.03696e-122
0.967273    2.4491e-121
0.970455    6.61937e-121
0.973636    1.78425e-120
0.976818    4.79651e-120
0.98    1.28597e-119
0.983182    3.43858e-119
0.986364    9.17002e-119
0.989545    2.43899e-118
0.992727    6.46994e-118
0.995909    1.71177e-117
0.999091    4.517e-117
1.00227    1.18882e-116
1.00545    3.1207e-116
1.00864    8.17062e-116
1.01182    2.13369e-115
1.015    5.55759e-115
1.01818    1.44385e-114
1.02136    3.74145e-114
1.02455    9.67046e-114
1.02773    2.49313e-113
1.03091    6.41118e-113
1.03409    1.64448e-112
1.03727    4.20747e-112
1.04045    1.07379e-111
1.04364    2.73352e-111
1.04682    6.94128e-111
1.05    1.75821e-110
1.05318    4.44243e-110
1.05636    1.11967e-109
1.05955    2.81506e-109
1.06273    7.06011e-109
1.06591    1.76631e-108
1.06909    4.40814e-108
1.07227    1.09744e-107
1.07545    2.72552e-107
1.07864    6.75244e-107
1.08182    1.66885e-106
1.085    4.11459e-106
1.08818    1.01202e-105
1.09136    2.48316e-105
1.09455    6.07827e-105
1.09773    1.48429e-104
1.10091    3.61594e-104
1.10409    8.78804e-104
1.10727    2.13076e-103
1.11045    5.15407e-103
1.11364    1.24378e-102
1.11682    2.99444e-102
1.12    7.19235e-102
1.12318    1.7235e-101
1.12636    4.12041e-101
1.12955    9.82789e-101
1.13273    2.3387e-100
1.13591    5.55245e-100
1.13909    1.31521e-099
1.14227    3.10819e-099
1.14545    7.32866e-099
1.14864    1.72405e-098
1.15182    4.04655e-098
1.155    9.47618e-098
1.15818    2.2141e-097
1.16136    5.16155e-097
1.16455    1.20056e-096
1.16773    2.78619e-096
1.17091    6.45155e-096
1.17409    1.49055e-095
1.17727    3.43605e-095
1.18045    7.90328e-095
1.18364    1.81381e-094
1.18682    4.1535e-094
1.19    9.49029e-094
1.19318    2.16366e-093
1.19636    4.92202e-093
1.19955    1.11724e-092
1.20273    2.53048e-092
1.20591    5.71891e-092
1.20909    1.28967e-091
1.21227    2.90204e-091
1.21545    6.51612e-091
1.21864    1.45995e-090
1.22182    3.26403e-090
1.225    7.28177e-090
1.22818    1.62103e-089
1.23136    3.60096e-089
1.23455    7.98215e-089
1.23773    1.76563e-088
1.24091    3.89726e-088
1.24409    8.58421e-088
1.24727    1.8868e-087
1.25045    4.13846e-087
1.25364    9.05816e-087
1.25682    1.97848e-086
1.26    4.31239e-086
1.26318    9.37991e-086
1.26636    2.036e-085
1.26955    4.41018e-085
1.27273    9.53315e-085
1.27591    2.05646e-084
1.27909    4.42702e-084
1.28227    9.51067e-084
1.28545    2.03902e-083
1.28864    4.36258e-083
1.29182    9.31495e-083
1.295    1.98488e-082
1.29818    4.22092e-082
1.30136    8.9578e-082
1.30455    1.89722e-081
1.30773    4.01014e-081
1.31091    8.45918e-081
1.31409    1.78085e-080
1.31727    3.74158e-080
1.32045    7.84544e-080
1.32364    1.64178e-079
1.32682    3.42885e-079
1.33    7.14695e-079
1.33318    1.48674e-078
1.33636    3.08668e-078
1.33955    6.39577e-078
1.34273    1.32264e-077
1.34591    2.72984e-077
1.34909    5.62321e-077
1.35227    1.15607e-076
1.35545    2.37213e-076
1.35864    4.85789e-076
1.36182    9.92924e-076
1.365    2.02555e-075
1.36818    4.12414e-075
1.37136    8.38081e-075
1.37455    1.69983e-074
1.37773    3.44104e-074
1.38091    6.95255e-074
1.38409    1.40207e-073
1.38727    2.82207e-073
1.39045    5.66943e-073
1.39364    1.13681e-072
1.39682    2.27516e-072
1.4    4.54484e-072
1.40318    9.0616e-072
1.40636    1.80333e-071
1.40955    3.58203e-071
1.41273    7.10183e-071
1.41591    1.4054e-070
1.41909    2.77599e-070
1.42227    5.47304e-070
1.42545    1.07704e-069
1.42864    2.11559e-069
1.43182    4.14788e-069
1.435    8.11746e-069
1.43818    1.58567e-068
1.44136    3.09178e-068
1.44455    6.01736e-068
1.44773    1.16898e-067
1.45091    2.26682e-067
1.45409    4.38768e-067
1.45727    8.47737e-067
1.46045    1.63493e-066
1.46364    3.14738e-066
1.46682    6.04803e-066
1.47    1.1601e-065
1.47318    2.22122e-065
1.47636    4.24531e-065
1.47955    8.09928e-065
1.48273    1.54243e-064
1.48591    2.93217e-064
1.48909    5.56413e-064
1.49227    1.05398e-063
1.49545    1.99294e-063
1.49864    3.76173e-063
1.50182    7.0878e-063
1.505    1.33311e-062
1.50818    2.50298e-062
1.51136    4.6912e-062
1.51455    8.77701e-062
1.51773    1.63926e-061
1.52091    3.05625e-061
1.52409    5.68816e-061
1.52727    1.05681e-060
1.53045    1.96005e-060
1.53364    3.62897e-060
1.53682    6.70726e-060
1.54    1.23753e-059
1.54318    2.27938e-059
1.54636    4.19111e-059
1.54955    7.69298e-059
1.55273    1.40966e-058
1.55591    2.57862e-058
1.55909    4.7089e-058
1.56227    8.58437e-058
1.56545    1.56228e-057
1.56864    2.83836e-057
1.57182    5.14802e-057
1.575    9.32128e-057
1.57818    1.68491e-056
1.58136    3.04049e-056
1.58455    5.47744e-056
1.58773    9.85102e-056
1.59091    1.7687e-055
1.59409    3.1703e-055
1.59727    5.67307e-055
1.60045    1.01347e-054
1.60364    1.8075e-054
1.60682    3.21826e-054
1.61    5.72063e-054
1.61318    1.01518e-053
1.61636    1.79857e-053
1.61955    3.18119e-053
1.62273    5.61742e-053
1.62591    9.90301e-053
1.62909    1.74294e-052
1.63227    3.06257e-052
1.63545    5.37251e-052
1.63864    9.4093e-052
1.64182    1.64523e-051
1.645    2.87204e-051
1.64818    5.00547e-051
1.65136    8.70951e-051
1.65455    1.513e-050
1.65773    2.62409e-050
1.66091    4.54377e-050
1.66409    7.85513e-050
1.66727    1.35578e-049
1.67045    2.3363e-049
1.67364    4.01947e-049
1.67682    6.9042e-049
1.68    1.18403e-048
1.68318    2.02729e-048
1.68636    3.46559e-048
1.68955    5.9149e-048
1.69273    1.00792e-047
1.69591    1.71481e-047
1.69909    2.91283e-047
1.70227    4.94002e-047
1.70545    8.3648e-047
1.70864    1.41416e-046
1.71182    2.38702e-046
1.715    4.02282e-046
1.71818    6.76899e-046
1.72136    1.1372e-045
1.72455    1.90752e-045
1.72773    3.19465e-045
1.73091    5.34195e-045
1.73409    8.91867e-045
1.73727    1.48671e-044
1.74045    2.47444e-044
1.74364    4.11201e-044
1.74682    6.82276e-044
1.75    1.1303e-043
1.75318    1.86965e-043
1.75636    3.08784e-043
1.75955    5.09193e-043
1.76273    8.38386e-043
1.76591    1.37828e-042
1.76909    2.2624e-042
1.77227    3.70797e-042
1.77545    6.06792e-042
1.77864    9.91476e-042
1.78182    1.61757e-041
1.785    2.63503e-041
1.78818    4.28597e-041
1.79136    6.96073e-041
1.79455    1.12876e-040
1.79773    1.82766e-040
1.80091    2.95485e-040
1.80409    4.77002e-040
1.80727    7.68869e-040
1.81045    1.23746e-039
1.81364    1.98867e-039
1.81682    3.19111e-039
1.82    5.11297e-039
1.82318    8.18006e-039
1.82636    1.30675e-038
1.82955    2.08441e-038
1.83273    3.31993e-038
1.83591    5.27995e-038
1.83909    8.38471e-038
1.84227    1.32955e-037
1.84545    2.10513e-037
1.84864    3.32823e-037
1.85182    5.25423e-037
1.855    8.28258e-037
1.85818    1.30372e-036
1.86136    2.04912e-036
1.86455    3.21599e-036
1.86773    5.03996e-036
1.87091    7.8869e-036
1.87409    1.2324e-035
1.87727    1.92294e-035
1.88045    2.99604e-035
1.88364    4.66123e-035
1.88682    7.24141e-035
1.89    1.12336e-034
1.89318    1.74014e-034
1.89636    2.69169e-034
1.89955    4.15757e-034
1.90273    6.41253e-034
1.90591    9.87631e-034
1.90909    1.51893e-033
1.91227    2.33269e-033
1.91545    3.5773e-033
1.91864    5.47815e-033
1.92182    8.37707e-033
1.925    1.27918e-032
1.92818    1.95053e-032
1.93136    2.97e-032
1.93455    4.51591e-032
1.93773    6.85674e-032
1.94091    1.03962e-031
1.94409    1.57405e-031
1.94727    2.37985e-031
1.95045    3.59309e-031
1.95364    5.41721e-031
1.95682    8.15592e-031
1.96    1.2262e-030
1.96318    1.84093e-030
1.96636    2.76e-030
1.96955    4.1321e-030
1.97273    6.17771e-030
1.97591    9.22313e-030
1.97909    1.37507e-029
1.98227    2.04723e-029
1.98545    3.04372e-029
1.98864    4.51899e-029
1.99182    6.70001e-029
1.995    9.91995e-029
1.99818    1.46671e-028
2.00136    2.16559e-028
2.00455    3.1931e-028
2.00773    4.70165e-028
2.01091    6.9134e-028
2.01409    1.01516e-027
2.01727    1.48863e-027
2.02045    2.17992e-027
2.02364    3.18787e-027
2.02682    4.65552e-027
2.03    6.78958e-027
2.03318    9.88841e-027
2.03636    1.4382e-026
2.03955    2.08892e-026
2.04273    3.02994e-026
2.04591    4.38893e-026
2.04909    6.34885e-026
2.05227    9.17158e-026
2.05545    1.32314e-025
2.05864    1.90627e-025
2.06182    2.74269e-025
2.065    3.94079e-025
2.06818    5.65468e-025
2.07136    8.10307e-025
2.07455    1.1596e-024
2.07773    1.65724e-024
2.08091    2.36529e-024
2.08409    3.37133e-024
2.08727    4.79887e-024
2.09045    6.8218e-024
2.09364    9.68458e-024
2.09682    1.37305e-023
2.1    1.94408e-023
2.10318    2.74894e-023
2.10636    3.88189e-023
2.10955    5.47453e-023
2.11273    7.71039e-023
2.11591    1.08451e-022
2.11909    1.52341e-022
2.12227    2.13712e-022
2.12545    2.99414e-022
2.12864    4.18932e-022
2.13182    5.8539e-022
2.135    8.16919e-022
2.13818    1.13853e-021
2.14136    1.58468e-021
2.14455    2.20279e-021
2.14773    3.058e-021
2.15091    4.23971e-021
2.15409    5.87044e-021
2.15727    8.11784e-021
2.16045    1.12111e-020
2.16364    1.54629e-020
2.16682    2.12996e-020
2.17    2.93016e-020
2.17318    4.02579e-020
2.17636    5.52395e-020
2.17955    7.56987e-020
2.18273    1.03602e-019
2.18591    1.41609e-019
2.18909    1.9331e-019
2.19227    2.63549e-019
2.19545    3.58849e-019
2.19864    4.87985e-019
2.20182    6.62744e-019
2.205    8.9894e-019
2.20818    1.21776e-018
2.21136    1.64755e-018
2.21455    2.2262e-018
2.21773    3.00426e-018
2.22091    4.04911e-018
2.22409    5.45042e-018
2.22727    7.32741e-018
2.23045    9.83833e-018
2.23364    1.3193e-017
2.23682    1.76692e-017
2.24    2.36343e-017
2.24318    3.15734e-017
2.24636    4.21263e-017
2.24955    5.61357e-017
2.25273    7.47102e-017
2.25591    9.93061e-017
2.25909    1.31834e-016
2.26227    1.74798e-016
2.26545    2.31473e-016
2.26864    3.06143e-016
2.27182    4.04394e-016
2.275    5.33512e-016
2.27818    7.02981e-016
2.28136    9.2513e-016
2.28455    1.21597e-015
2.28773    1.59626e-015
2.29091    2.09289e-015
2.29409    2.74063e-015
2.29727    3.58441e-015
2.30045    4.68219e-015
2.30364    6.10863e-015
2.30682    7.95982e-015
2.31    1.03592e-014
2.31318    1.34654e-014
2.31636    1.74813e-014
2.31955    2.26672e-014
2.32273    2.93554e-014
2.32591    3.79706e-014
2.32909    4.9054e-014
2.33227    6.32951e-014
2.33545    8.15709e-014
2.33864    1.04996e-013
2.34182    1.34983e-013
2.345    1.73323e-013
2.34818    2.22282e-013
2.35136    2.84725e-013
2.35455    3.64268e-013
2.35773    4.65467e-013
2.36091    5.9406e-013
2.36409    7.57263e-013
2.36727    9.64135e-013
2.37045    1.22604e-012
2.37364    1.55721e-012
2.37682    1.97546e-012
2.38    2.50302e-012
2.38318    3.16766e-012
2.38636    4.00397e-012
2.38955    5.05501e-012
2.39273    6.3743e-012
2.39591    8.02828e-012
2.39909    1.00993e-011
2.40227    1.26895e-011
2.40545    1.59249e-011
2.40864    1.99614e-011
2.41182    2.49912e-011
2.415    3.12512e-011
2.41818    3.90328e-011
2.42136    4.86941e-011
2.42455    6.06747e-011
2.42773    7.55133e-011
2.43091    9.38696e-011
2.43409    1.1655e-010
2.43727    1.44539e-010
2.44045    1.79038e-010
2.44364    2.2151e-010
2.44682    2.73735e-010
2.45    3.37874e-010
2.45318    4.1655e-010
2.45636    5.12944e-010
2.45955    6.30903e-010
2.46273    7.75077e-010
2.46591    9.51084e-010
2.46909    1.16569e-009
2.47227    1.42705e-009
2.47545    1.74498e-009
2.47864    2.13124e-009
2.48182    2.59996e-009
2.485    3.16807e-009
2.48818    3.85583e-009
2.49136    4.68744e-009
2.49455    5.69179e-009
2.49773    6.90331e-009
2.50091    8.36301e-009
2.50409    1.01196e-008
2.50727    1.2231e-008
2.51045    1.47658e-008
2.51364    1.78054e-008
2.51682    2.14459e-008
2.52    2.5801e-008
2.52318    3.10047e-008
2.52636    3.7215e-008
2.52955    4.46179e-008
2.53273    5.3432e-008
2.53591    6.39138e-008
2.53909    7.63642e-008
2.54227    9.11353e-008
2.54545    1.08639e-007
2.54864    1.29357e-007
2.55182    1.53849e-007
2.555    1.8277e-007
2.55818    2.16881e-007
2.56136    2.57064e-007
2.56455    3.04345e-007
2.56773    3.59912e-007
2.57091    4.25141e-007
2.57409    5.01623e-007
2.57727    5.91191e-007
2.58045    6.95964e-007
2.58364    8.18376e-007
2.58682    9.61231e-007
2.59    1.12775e-006
2.59318    1.32161e-006
2.59636    1.54706e-006
2.59955    1.80892e-006
2.60273    2.11273e-006
2.60591    2.46478e-006
2.60909    2.87227e-006
2.61227    3.34336e-006
2.61545    3.88736e-006
2.61864    4.51479e-006
2.62182    5.23763e-006
2.625    6.06939e-006
2.62818    7.02537e-006
2.63136    8.12284e-006
2.63455    9.38127e-006
2.63773    1.08226e-005
2.64091    1.24714e-005
2.64409    1.43554e-005
2.64727    1.65057e-005
2.65045    1.89569e-005
2.65364    2.1748e-005
2.65682    2.49224e-005
2.66    2.85284e-005
2.66318    3.262e-005
2.66636    3.72572e-005
2.66955    4.25064e-005
2.67273    4.84417e-005
2.67591    5.51449e-005
2.67909    6.27063e-005
2.68227    7.12259e-005
2.68545    8.0814e-005
2.68864    9.15919e-005
2.69182    0.000103693
2.695    0.000117264
2.69818    0.000132466
2.70136    0.000149474
2.70455    0.000168482
2.70773    0.000189698
2.71091    0.000213353
2.71409    0.000239695
2.71727    0.000268995
2.72045    0.000301547
2.72364    0.000337671
2.72682    0.00037771
2.73    0.000422036
2.73318    0.000471052
2.73636    0.000525189
2.73955    0.000584913
2.74273    0.000650721
2.74591    0.000723148
2.74909    0.000802767
2.75227    0.000890187
2.75545    0.00098606
2.75864    0.00109108
2.76182    0.00120598
2.765    0.00133154
2.76818    0.00146859
2.77136    0.001618
2.77455    0.0017807
2.77773    0.00195765
2.78091    0.00214987
2.78409    0.00235843
2.78727    0.00258444
2.79045    0.00282908
2.79364    0.00309356
2.79682    0.00337915
2.8    0.00368716
2.80318    0.00401894
2.80636    0.0043759
2.80955    0.00475948
2.81273    0.00517117
2.81591    0.00561248
2.81909    0.00608498
2.82227    0.00659024
2.82545    0.00712987
2.82864    0.00770549
2.83182    0.00831876
2.835    0.00897131
2.83818    0.00966481
2.84136    0.0104009
2.84455    0.0111812
2.84773    0.0120073
2.85091    0.0128809
2.85409    0.0138035
2.85727    0.0147765
2.86045    0.0158015
2.86364    0.0168797
2.86682    0.0180126
2.87    0.0192013
2.87318    0.020447
2.87636    0.0217506
2.87955    0.0231131
2.88273    0.0245352
2.88591    0.0260175
2.88909    0.0275605
2.89227    0.0291645
2.89545    0.0308296
2.89864    0.0325557
2.90182    0.0343426
2.905    0.0361899
2.90818    0.0380967
2.91136    0.0400624
2.91455    0.0420856
2.91773    0.0441651
2.92091    0.0462991
2.92409    0.048486
2.92727    0.0507235
2.93045    0.0530092
2.93364    0.0553406
2.93682    0.0577148
2.94    0.0601286
2.94318    0.0625786
2.94636    0.0650613
2.94955    0.0675726
2.95273    0.0701086
2.95591    0.0726648
2.95909    0.0752367
2.96227    0.0778195
2.96545    0.0804082
2.96864    0.0829977
2.97182    0.0855827
2.975    0.0881577
2.97818    0.0907171
2.98136    0.0932552
2.98455    0.0957663
2.98773    0.0982444
2.99091    0.100684
2.99409    0.103078
2.99727    0.105422
3.00045    0.107709
3.00364    0.109933
3.00682    0.11209
3.01    0.114172
3.01318    0.116175
3.01636    0.118092
3.01955    0.11992
3.02273    0.121652
3.02591    0.123284
3.02909    0.124812
3.03227    0.126231
3.03545    0.127536
3.03864    0.128725
3.04182    0.129793
3.045    0.130739
3.04818    0.131558
3.05136    0.132249
3.05455    0.13281
3.05773    0.133239
3.06091    0.133534
3.06409    0.133696
3.06727    0.133724
3.07045    0.133617
3.07364    0.133376
3.07682    0.133003
3.08    0.132497
3.08318    0.131862
3.08636    0.131098
3.08955    0.130208
3.09273    0.129195
3.09591    0.128062
3.09909    0.126812
3.10227    0.125449
3.10545    0.123977
3.10864    0.122401
3.11182    0.120724
3.115    0.118952
3.11818    0.117089
3.12136    0.115141
3.12455    0.113113
3.12773    0.111011
3.13091    0.10884
3.13409    0.106605
3.13727    0.104313
3.14045    0.10197
3.14364    0.0995801
3.14682    0.0971505
3.15    0.0946866
3.15318    0.0921942
3.15636    0.0896789
3.15955    0.0871463
3.16273    0.0846019
3.16591    0.0820509
3.16909    0.0794986
3.17227    0.07695
3.17545    0.07441
3.17864    0.0718832
3.18182    0.0693742
3.185    0.0668871
3.18818    0.064426
3.19136    0.0619947
3.19455    0.0595969
3.19773    0.0572358
3.20091    0.0549145
3.20409    0.052636
3.20727    0.0504028
3.21045    0.0482173
3.21364    0.0460816
3.21682    0.0439976
3.22    0.041967
3.22318    0.0399912
3.22636    0.0380715
3.22955    0.0362086
3.23273    0.0344035
3.23591    0.0326567
3.23909    0.0309685
3.24227    0.0293392
3.24545    0.0277686
3.24864    0.0262568
3.25182    0.0248032
3.255    0.0234075
3.25818    0.0220689
3.26136    0.0207869
3.26455    0.0195604
3.26773    0.0183886
3.27091    0.0172703
3.27409    0.0162044
3.27727    0.0151897
3.28045    0.0142248
3.28364    0.0133084
3.28682    0.0124391
3.29    0.0116155
3.29318    0.0108359
3.29636    0.010099
3.29955    0.00940321
3.30273    0.00874696
3.30591    0.00812873
3.30909    0.00754698
3.31227    0.00700016
3.31545    0.00648677
3.31864    0.00600528
3.32182    0.00555423
3.325    0.00513218
3.32818    0.00473766
3.33136    0.00436931
3.33455    0.00402577
3.33773    0.0037057
3.34091    0.00340784
3.34409    0.00313095
3.34727    0.00287382
3.35045    0.0026353
3.35364    0.00241428
3.35682    0.00220971
3.36    0.00202055
3.36318    0.00184582
3.36636    0.00168461
3.36955    0.00153602
3.37273    0.0013992
3.37591    0.00127336
3.37909    0.00115774
3.38227    0.00105162
3.38545    0.000954309
3.38864    0.000865178
3.39182    0.000783623
3.395    0.000709072
3.39818    0.000640994
3.40136    0.000578893
3.40455    0.000522297
3.40773    0.000470767
3.41091    0.000423904
3.41409    0.000381317
3.41727    0.000342656
3.42045    0.000307595
3.42364    0.00027582
3.42682    0.000247056
3.43    0.000221034
3.43318    0.000197514
3.43636    0.000176267
3.43955    0.00015709
3.44273    0.00013979
3.44591    0.000124187
3.44909    0.000110122
3.45227    9.74436e-005
3.45545    8.60129e-005
3.45864    7.57011e-005
3.46182    6.63944e-005
3.465    5.79803e-005
3.46818    5.03608e-005
3.47136    4.34431e-005
3.47455    3.71388e-005
3.47773    3.13695e-005
3.48091    2.6058e-005
3.48409    2.11333e-005
3.48727    1.65274e-005
3.49045    1.21743e-005
3.49364    8.01068e-006
3.49682    3.97352e-006
