0.00181818    -4.61807e-256
0.00363636    -1.59293e-253
0.00545455    -2.75788e-251
0.00727273    -3.19539e-249
0.00909091    -2.78728e-247
0.0109091    -1.95237e-245
0.0127273    -1.14389e-243
0.0145455    -5.76592e-242
0.0163636    -2.55244e-240
0.0181818    -1.00803e-238
0.02    -3.5959e-237
0.0218182    -1.17033e-235
0.0236364    -3.50402e-234
0.0254545    -9.7185e-233
0.0272727    -2.51172e-231
0.0290909    -6.07986e-230
0.0309091    -1.38449e-228
0.0327273    -2.97747e-227
0.0345455    -6.06822e-226
0.0363636    -1.17561e-224
0.0381818    -2.17094e-223
0.04    -3.83083e-222
0.0418182    -6.47399e-221
0.0436364    -1.04996e-219
0.0454545    -1.63723e-218
0.0472727    -2.45882e-217
0.0490909    -3.56211e-216
0.0509091    -4.98526e-215
0.0527273    -6.7492e-214
0.0545455    -8.85009e-213
0.0563636    -1.12533e-211
0.0581818    -1.38907e-210
0.06    -1.66618e-209
0.0618182    -1.94397e-208
0.0636364    -2.2081e-207
0.0654545    -2.44385e-206
0.0672727    -2.63756e-205
0.0690909    -2.77799e-204
0.0709091    -2.85739e-203
0.0727273    -2.87216e-202
0.0745455    -2.82311e-201
0.0763636    -2.71512e-200
0.0781818    -2.55648e-199
0.08    -2.35792e-198
0.0818182    -2.13144e-197
0.0836364    -1.88926e-196
0.0854545    -1.64284e-195
0.0872727    -1.40209e-194
0.0890909    -1.17497e-193
0.0909091    -9.67227e-193
0.0927273    -7.82445e-192
0.0945455    -6.22257e-191
0.0963636    -4.86671e-190
0.0981818    -3.74461e-189
0.1    -2.83549e-188
0.101818    -2.1137e-187
0.103636    -1.55164e-186
0.105455    -1.12202e-185
0.107273    -7.99461e-185
0.109091    -5.61445e-184
0.110909    -3.8873e-183
0.112727    -2.65419e-182
0.114545    -1.7876e-181
0.116364    -1.18788e-180
0.118182    -7.78999e-180
0.12    -5.04274e-179
0.121818    -3.22297e-178
0.123636    -2.03424e-177
0.125455    -1.26821e-176
0.127273    -7.81117e-176
0.129091    -4.75399e-175
0.130909    -2.85958e-174
0.132727    -1.70031e-173
0.134545    -9.99573e-173
0.136364    -5.8108e-172
0.138182    -3.34093e-171
0.14    -1.90011e-170
0.141818    -1.06916e-169
0.143636    -5.95285e-169
0.145455    -3.28013e-168
0.147273    -1.78898e-167
0.149091    -9.65902e-167
0.150909    -5.16335e-166
0.152727    -2.73314e-165
0.154545    -1.43279e-164
0.156364    -7.43959e-164
0.158182    -3.82663e-163
0.16    -1.95002e-162
0.161818    -9.8462e-162
0.163636    -4.9267e-161
0.165455    -2.44316e-160
0.167273    -1.2009e-159
0.169091    -5.85146e-159
0.170909    -2.82666e-158
0.172727    -1.35388e-157
0.174545    -6.43024e-157
0.176364    -3.02872e-156
0.178182    -1.41488e-155
0.18    -6.55612e-155
0.181818    -3.01359e-154
0.183636    -1.37427e-153
0.185455    -6.21795e-153
0.187273    -2.79158e-152
0.189091    -1.2437e-151
0.190909    -5.49899e-151
0.192727    -2.41316e-150
0.194545    -1.05114e-149
0.196364    -4.54507e-149
0.198182    -1.95102e-148
0.2    -8.31485e-148
0.201818    -3.51846e-147
0.203636    -1.47839e-146
0.205455    -6.16867e-146
0.207273    -2.55619e-145
0.209091    -1.05202e-144
0.210909    -4.30045e-144
0.212727    -1.74619e-143
0.214545    -7.0434e-143
0.216364    -2.8224e-142
0.218182    -1.12363e-141
0.22    -4.44455e-141
0.221818    -1.74685e-140
0.223636    -6.82234e-140
0.225455    -2.64781e-139
0.227273    -1.02127e-138
0.229091    -3.91487e-138
0.230909    -1.49157e-137
0.232727    -5.64865e-137
0.234545    -2.12638e-136
0.236364    -7.95713e-136
0.238182    -2.96015e-135
0.24    -1.0948e-134
0.241818    -4.02569e-134
0.243636    -1.47182e-133
0.245455    -5.35052e-133
0.247273    -1.93414e-132
0.249091    -6.9526e-132
0.250909    -2.48541e-131
0.252727    -8.83602e-131
0.254545    -3.12424e-130
0.256364    -1.09871e-129
0.258182    -3.84313e-129
0.26    -1.33713e-128
0.261818    -4.62771e-128
0.263636    -1.59324e-127
0.265455    -5.45677e-127
0.267273    -1.85929e-126
0.269091    -6.3028e-126
0.270909    -2.12574e-125
0.272727    -7.1334e-125
0.274545    -2.38181e-124
0.276364    -7.91332e-124
0.278182    -2.61618e-123
0.28    -8.60693e-123
0.281818    -2.81785e-122
0.283636    -9.18101e-122
0.285455    -2.97702e-121
0.287273    -9.60745e-121
0.289091    -3.0859e-120
0.290909    -9.86549e-120
0.292727    -3.1393e-119
0.294545    -9.94348e-119
0.296364    -3.13508e-118
0.298182    -9.83964e-118
0.3    -3.07427e-117
0.301818    -9.56202e-117
0.303636    -2.96086e-116
0.305455    -9.1276e-116
0.307273    -2.80144e-115
0.309091    -8.56059e-115
0.310909    -2.60457e-114
0.312727    -7.89025e-114
0.314545    -2.38002e-113
0.316364    -7.14854e-113
0.318182    -2.13802e-112
0.32    -6.36763e-112
0.321818    -1.88854e-111
0.323636    -5.57784e-111
0.325455    -1.64064e-110
0.327273    -4.80589e-110
0.329091    -1.40205e-109
0.330909    -4.0737e-109
0.332727    -1.17886e-108
0.334545    -3.3978e-108
0.336364    -9.75443e-108
0.338182    -2.78924e-107
0.34    -7.94438e-107
0.341818    -2.2539e-106
0.343636    -6.36972e-106
0.345455    -1.79319e-105
0.347273    -5.02877e-105
0.349091    -1.40487e-104
0.350909    -3.90987e-104
0.352727    -1.08404e-103
0.354545    -2.99432e-103
0.356364    -8.24e-103
0.358182    -2.25914e-102
0.36    -6.17098e-102
0.361818    -1.67946e-101
0.363636    -4.55406e-101
0.365455    -1.23041e-100
0.367273    -3.31232e-100
0.369091    -8.8849e-100
0.370909    -2.37476e-099
0.372727    -6.32477e-099
0.374545    -1.67855e-098
0.376364    -4.43909e-098
0.378182    -1.16986e-097
0.38    -3.0723e-097
0.381818    -8.04063e-097
0.383636    -2.0971e-096
0.385455    -5.45081e-096
0.387273    -1.41196e-095
0.389091    -3.64511e-095
0.390909    -9.3785e-095
0.392727    -2.40491e-094
0.394545    -6.14628e-094
0.396364    -1.56561e-093
0.398182    -3.97482e-093
0.4    -1.00583e-092
0.401818    -2.53692e-092
0.403636    -6.37785e-092
0.405455    -1.59821e-091
0.407273    -3.99202e-091
0.409091    -9.93933e-091
0.410909    -2.4668e-090
0.412727    -6.10279e-090
0.414545    -1.50504e-089
0.416364    -3.69999e-089
0.418182    -9.06757e-089
0.42    -2.21527e-088
0.421818    -5.39525e-088
0.423636    -1.30995e-087
0.425455    -3.17074e-087
0.427273    -7.65133e-087
0.429091    -1.84072e-086
0.430909    -4.41491e-086
0.432727    -1.0557e-085
0.434545    -2.51684e-085
0.436364    -5.98232e-085
0.438182    -1.41771e-084
0.44    -3.34979e-084
0.441818    -7.89157e-084
0.443636    -1.85366e-083
0.445455    -4.34137e-083
0.447273    -1.01381e-082
0.449091    -2.36061e-082
0.450909    -5.48069e-082
0.452727    -1.26881e-081
0.454545    -2.92896e-081
0.456364    -6.74201e-081
0.458182    -1.5475e-080
0.46    -3.54196e-080
0.461818    -8.08409e-080
0.463636    -1.83992e-079
0.465455    -4.17594e-079
0.467273    -9.45148e-079
0.469091    -2.13325e-078
0.470909    -4.80157e-078
0.472727    -1.07778e-077
0.474545    -2.41262e-077
0.476364    -5.38595e-077
0.478182    -1.1991e-076
0.48    -2.6624e-076
0.481818    -5.89549e-076
0.483636    -1.30197e-075
0.485455    -2.86762e-075
0.487273    -6.29918e-075
0.489091    -1.38005e-074
0.490909    -3.01548e-074
0.492727    -6.57168e-074
0.494545    -1.42842e-073
0.496364    -3.09672e-073
0.498182    -6.69601e-073
0.5    -1.44413e-072
0.501818    -3.10651e-072
0.503636    -6.66533e-072
0.505455    -1.42645e-071
0.507273    -3.04498e-071
0.509091    -6.48344e-071
0.510909    -1.37697e-070
0.512727    -2.91709e-070
0.514545    -6.16424e-070
0.516364    -1.29933e-069
0.518182    -2.73198e-069
0.52    -5.72996e-069
0.521818    -1.19881e-068
0.523636    -2.50192e-068
0.525455    -5.20869e-068
0.527273    -1.08173e-067
0.529091    -2.24101e-067
0.530909    -4.63141e-067
0.532727    -9.54832e-067
0.534545    -1.96377e-066
0.536364    -4.02908e-066
0.538182    -8.24667e-066
0.54    -1.68388e-065
0.541818    -3.4301e-065
0.543636    -6.97059e-065
0.545455    -1.4132e-064
0.547273    -2.85832e-064
0.549091    -5.76761e-064
0.550909    -1.16108e-063
0.552727    -2.33191e-063
0.554545    -4.67252e-063
0.556364    -9.34072e-063
0.558182    -1.86296e-062
0.56    -3.70703e-062
0.561818    -7.35951e-062
0.563636    -1.45773e-061
0.565455    -2.88079e-061
0.567273    -5.68011e-061
0.569091    -1.11742e-060
0.570909    -2.19327e-060
0.572727    -4.29526e-060
0.574545    -8.39286e-060
0.576364    -1.63628e-059
0.578182    -3.18297e-059
0.58    -6.17792e-059
0.581818    -1.19643e-058
0.583636    -2.3119e-058
0.585455    -4.45753e-058
0.587273    -8.57559e-058
0.589091    -1.64619e-057
0.590909    -3.15318e-057
0.592727    -6.02656e-057
0.594545    -1.14933e-056
0.596364    -2.18717e-056
0.598182    -4.15318e-056
0.6    -7.86944e-056
0.601818    -1.4879e-055
0.603636    -2.80721e-055
0.605455    -5.28505e-055
0.607273    -9.92885e-055
0.609091    -1.86135e-054
0.610909    -3.48207e-054
0.612727    -6.50026e-054
0.614545    -1.21091e-053
0.616364    -2.25103e-053
0.618182    -4.17583e-053
0.62    -7.73035e-053
0.621818    -1.42808e-052
0.623636    -2.63273e-052
0.625455    -4.84352e-052
0.627273    -8.89246e-052
0.629091    -1.62926e-051
0.630909    -2.97898e-051
0.632727    -5.43572e-051
0.634545    -9.89833e-051
0.636364    -1.79881e-050
0.638182    -3.26232e-050
0.64    -5.9046e-050
0.641818    -1.06655e-049
0.643636    -1.92263e-049
0.645455    -3.45892e-049
0.647273    -6.21037e-049
0.649091    -1.11283e-048
0.650909    -1.99011e-048
0.652727    -3.55191e-048
0.654545    -6.32688e-048
0.656364    -1.12476e-047
0.658182    -1.99562e-047
0.66    -3.5338e-047
0.661818    -6.24534e-047
0.663636    -1.1016e-046
0.665455    -1.9393e-046
0.667273    -3.40739e-046
0.669091    -5.9753e-046
0.670909    -1.04582e-045
0.672727    -1.82692e-045
0.674545    -3.18527e-045
0.676364    -5.54296e-045
0.678182    -9.62734e-045
0.68    -1.66895e-044
0.681818    -2.88771e-044
0.683636    -4.98701e-044
0.685455    -8.59616e-044
0.687273    -1.47894e-043
0.689091    -2.53967e-043
0.690909    -4.35299e-043
0.692727    -7.44707e-043
0.694545    -1.27166e-042
0.696364    -2.16744e-042
0.698182    -3.68737e-042
0.7    -6.26151e-042
0.701818    -1.0613e-041
0.703636    -1.79554e-041
0.705455    -3.03216e-041
0.707273    -5.11107e-041
0.709091    -8.59953e-041
0.710909    -1.44425e-040
0.712727    -2.42114e-040
0.714545    -4.05141e-040
0.716364    -6.76712e-040
0.718182    -1.12828e-039
0.72    -1.87776e-039
0.721818    -3.1195e-039
0.723636    -5.17305e-039
0.725455    -8.56306e-039
0.727273    -1.41493e-038
0.729091    -2.3338e-038
0.730909    -3.84254e-038
0.732727    -6.31541e-038
0.734545    -1.03613e-037
0.736364    -1.69691e-037
0.738182    -2.77418e-037
0.74    -4.52738e-037
0.741818    -7.37556e-037
0.743636    -1.19945e-036
0.745455    -1.94719e-036
0.747273    -3.15555e-036
0.749091    -5.10489e-036
0.750909    -8.24408e-036
0.752727    -1.32906e-035
0.754545    -2.13893e-035
0.756364    -3.43634e-035
0.758182    -5.51123e-035
0.76    -8.82377e-035
0.761818    -1.41031e-034
0.763636    -2.25025e-034
0.765455    -3.58431e-034
0.767273    -5.69954e-034
0.769091    -9.04763e-034
0.770909    -1.43381e-033
0.772727    -2.26837e-033
0.774545    -3.58264e-033
0.776364    -5.64882e-033
0.778182    -8.89165e-033
0.78    -1.39726e-032
0.781818    -2.19201e-032
0.783636    -3.43308e-032
0.785455    -5.36783e-032
0.787273    -8.37896e-032
0.789091    -1.30575e-031
0.790909    -2.03146e-031
0.792727    -3.15528e-031
0.794545    -4.89271e-031
0.796364    -7.57434e-031
0.798182    -1.17065e-030
0.8    -1.80631e-030
0.801818    -2.78259e-030
0.803636    -4.27951e-030
0.805455    -6.57098e-030
0.807273    -1.0073e-029
0.809091    -1.54163e-029
0.810909    -2.35558e-029
0.812727    -3.59344e-029
0.814545    -5.47296e-029
0.816364    -8.3221e-029
0.818182    -1.26341e-028
0.82    -1.91495e-028
0.821818    -2.89784e-028
0.823636    -4.3782e-028
0.825455    -6.60423e-028
0.827273    -9.94619e-028
0.829091    -1.49555e-027
0.830909    -2.24519e-027
0.832727    -3.36525e-027
0.834545    -5.0361e-027
0.836364    -7.52462e-027
0.838182    -1.12251e-026
0.84    -1.67191e-026
0.841818    -2.48629e-026
0.843636    -3.69157e-026
0.845455    -5.47255e-026
0.847273    -8.10009e-026
0.849091    -1.19705e-025
0.850909    -1.76628e-025
0.852727    -2.60214e-025
0.854545    -3.82763e-025
0.856364    -5.62154e-025
0.858182    -8.24347e-025
0.86    -1.20696e-024
0.861818    -1.76445e-024
0.863636    -2.57548e-024
0.865455    -3.75353e-024
0.867273    -5.46206e-024
0.869091    -7.93612e-024
0.870909    -1.15132e-023
0.872727    -1.66773e-023
0.874545    -2.41208e-023
0.876364    -3.48337e-023
0.878182    -5.02284e-023
0.88    -7.23171e-023
0.881818    -1.03963e-022
0.883636    -1.49231e-022
0.885455    -2.13887e-022
0.887273    -3.06098e-022
0.889091    -4.37404e-022
0.890909    -6.24102e-022
0.892727    -8.89157e-022
0.894545    -1.26489e-021
0.896364    -1.79672e-021
0.898182    -2.54837e-021
0.9    -3.6091e-021
0.901818    -5.10377e-021
0.903636    -7.20677e-021
0.905455    -1.01613e-020
0.907273    -1.43059e-020
0.909091    -2.01114e-020
0.910909    -2.82312e-020
0.912727    -3.95713e-020
0.914545    -5.53853e-020
0.916364    -7.74057e-020
0.918182    -1.08023e-019
0.92    -1.50531e-019
0.921818    -2.09461e-019
0.923636    -2.91038e-019
0.925455    -4.03799e-019
0.927273    -5.59436e-019
0.929091    -7.7394e-019
0.930909    -1.06914e-018
0.932727    -1.47482e-018
0.934545    -2.03149e-018
0.936364    -2.79427e-018
0.938182    -3.83792e-018
0.94    -5.26383e-018
0.941818    -7.20917e-018
0.943636    -9.85934e-018
0.945455    -1.34645e-017
0.947273    -1.83618e-017
0.949091    -2.50046e-017
0.950909    -3.40023e-017
0.952727    -4.61722e-017
0.954545    -6.26091e-017
0.956364    -8.47773e-017
0.958182    -1.14633e-016
0.96    -1.54784e-016
0.961818    -2.08704e-016
0.963636    -2.81011e-016
0.965455    -3.7784e-016
0.967273    -5.07321e-016
0.969091    -6.80221e-016
0.970909    -9.10772e-016
0.972727    -1.21776e-015
0.974545    -1.62596e-015
0.976364    -2.16797e-015
0.978182    -2.88665e-015
0.98    -3.83822e-015
0.981818    -5.09641e-015
0.983636    -6.75768e-015
0.985455    -8.94808e-015
0.987273    -1.18321e-014
0.989091    -1.56242e-014
0.990909    -2.06031e-014
0.992727    -2.71314e-014
0.994545    -3.56792e-014
0.996364    -4.68557e-014
0.998182    -6.1449e-014
1    -8.04773e-014
1.00182    -1.05254e-013
1.00364    -1.37471e-013
1.00545    -1.79305e-013
1.00727    -2.33552e-013
1.00909    -3.03798e-013
1.01091    -3.94636e-013
1.01273    -5.11941e-013
1.01455    -6.63216e-013
1.01636    -8.58033e-013
1.01818    -1.10858e-012
1.02    -1.43036e-012
1.02182    -1.84305e-012
1.02364    -2.37162e-012
1.02545    -3.0477e-012
1.02727    -3.91125e-012
1.02909    -5.01276e-012
1.03091    -6.41591e-012
1.03273    -8.20084e-012
1.03455    -1.04684e-011
1.03636    -1.33451e-011
1.03818    -1.69897e-011
1.04    -2.16009e-011
1.04182    -2.74273e-011
1.04364    -3.4779e-011
1.04545    -4.40428e-011
1.04727    -5.57005e-011
1.04909    -7.03508e-011
1.05091    -8.87372e-011
1.05273    -1.11781e-010
1.05455    -1.40625e-010
1.05636    -1.76678e-010
1.05818    -2.21683e-010
1.06    -2.77788e-010
1.06182    -3.47636e-010
1.06364    -4.34477e-010
1.06545    -5.42301e-010
1.06727    -6.76001e-010
1.06909    -8.41564e-010
1.07091    -1.04631e-009
1.07273    -1.29918e-009
1.07455    -1.61106e-009
1.07636    -1.99523e-009
1.07818    -2.46779e-009
1.08    -3.04832e-009
1.08182    -3.76054e-009
1.08364    -4.63317e-009
1.08545    -5.70093e-009
1.08727    -7.0057e-009
1.08909    -8.59801e-009
1.09091    -1.05386e-008
1.09273    -1.29007e-008
1.09455    -1.57718e-008
1.09636    -1.92572e-008
1.09818    -2.34826e-008
1.1    -2.85985e-008
1.10182    -3.47843e-008
1.10364    -4.22541e-008
1.10545    -5.12624e-008
1.10727    -6.21118e-008
1.10909    -7.51615e-008
1.11091    -9.0837e-008
1.11273    -1.09642e-007
1.11455    -1.32172e-007
1.11636    -1.59129e-007
1.11818    -1.9134e-007
1.12    -2.29781e-007
1.12182    -2.75594e-007
1.12364    -3.30123e-007
1.12545    -3.94941e-007
1.12727    -4.71888e-007
1.12909    -5.63116e-007
1.13091    -6.71132e-007
1.13273    -7.98859e-007
1.13455    -9.49697e-007
1.13636    -1.12759e-006
1.13818    -1.33713e-006
1.14    -1.58361e-006
1.14182    -1.87318e-006
1.14364    -2.2129e-006
1.14545    -2.61097e-006
1.14727    -3.07678e-006
1.14909    -3.62115e-006
1.15091    -4.25651e-006
1.15273    -4.99708e-006
1.15455    -5.85918e-006
1.15636    -6.86143e-006
1.15818    -8.02509e-006
1.16    -9.37439e-006
1.16182    -1.09369e-005
1.16364    -1.2744e-005
1.16545    -1.48311e-005
1.16727    -1.72386e-005
1.16909    -2.0012e-005
1.17091    -2.32027e-005
1.17273    -2.68688e-005
1.17455    -3.10754e-005
1.17636    -3.5896e-005
1.17818    -4.1413e-005
1.18    -4.77187e-005
1.18182    -5.49164e-005
1.18364    -6.31214e-005
1.18545    -7.24626e-005
1.18727    -8.30832e-005
1.18909    -9.51425e-005
1.19091    -0.000108817
1.19273    -0.000124304
1.19455    -0.000141819
1.19636    -0.000161602
1.19818    -0.000183917
1.2    -0.000209056
1.20182    -0.000237336
1.20364    -0.00026911
1.20545    -0.00030476
1.20727    -0.000344708
1.20909    -0.00038941
1.21091    -0.000439367
1.21273    -0.00049512
1.21455    -0.00055726
1.21636    -0.000626424
1.21818    -0.000703304
1.22    -0.000788644
1.22182    -0.000883248
1.22364    -0.000987979
1.22545    -0.00110376
1.22727    -0.00123159
1.22909    -0.00137253
1.23091    -0.00152771
1.23273    -0.00169832
1.23455    -0.00188566
1.23636    -0.00209108
1.23818    -0.002316
1.24    -0.00256193
1.24182    -0.00283048
1.24364    -0.00312329
1.24545    -0.00344212
1.24727    -0.0037888
1.24909    -0.0041652
1.25091    -0.0045733
1.25273    -0.00501514
1.25455    -0.00549282
1.25636    -0.00600849
1.25818    -0.00656437
1.26    -0.00716272
1.26182    -0.00780583
1.26364    -0.00849603
1.26545    -0.00923566
1.26727    -0.0100271
1.26909    -0.0108726
1.27091    -0.0117746
1.27273    -0.0127353
1.27455    -0.013757
1.27636    -0.0148418
1.27818    -0.0159919
1.28    -0.0172091
1.28182    -0.0184954
1.28364    -0.0198524
1.28545    -0.0212817
1.28727    -0.0227846
1.28909    -0.0243622
1.29091    -0.0260155
1.29273    -0.0277449
1.29455    -0.0295509
1.29636    -0.0314334
1.29818    -0.0333921
1.3    -0.0354263
1.30182    -0.0375349
1.30364    -0.0397164
1.30545    -0.0419688
1.30727    -0.0442897
1.30909    -0.0466764
1.31091    -0.0491253
1.31273    -0.0516327
1.31455    -0.0541942
1.31636    -0.0568049
1.31818    -0.0594593
1.32    -0.0621514
1.32182    -0.0648748
1.32364    -0.0676223
1.32545    -0.0703863
1.32727    -0.0731588
1.32909    -0.0759311
1.33091    -0.078694
1.33273    -0.0814379
1.33455    -0.0841529
1.33636    -0.0868285
1.33818    -0.0894538
1.34    -0.0920177
1.34182    -0.0945087
1.34364    -0.0969152
1.34545    -0.0992252
1.34727    -0.101427
1.34909    -0.103508
1.35091    -0.105456
1.35273    -0.10726
1.35455    -0.108907
1.35636    -0.110385
1.35818    -0.111683
1.36    -0.112791
1.36182    -0.113696
1.36364    -0.114389
1.36545    -0.114859
1.36727    -0.115099
1.36909    -0.115099
1.37091    -0.114851
1.37273    -0.114349
1.37455    -0.113586
1.37636    -0.112558
1.37818    -0.11126
1.38    -0.109689
1.38182    -0.107844
1.38364    -0.105723
1.38545    -0.103327
1.38727    -0.100657
1.38909    -0.0977157
1.39091    -0.0945068
1.39273    -0.0910354
1.39455    -0.0873079
1.39636    -0.0833315
1.39818    -0.0791149
1.4    -0.0746678
1.40182    -0.070001
1.40364    -0.0651265
1.40545    -0.0600572
1.40727    -0.0548069
1.40909    -0.0493903
1.41091    -0.043823
1.41273    -0.0381213
1.41455    -0.0323023
1.41636    -0.0263835
1.41818    -0.0203829
1.42    -0.0143191
1.42182    -0.00821067
1.42364    -0.00207669
1.42545    0.00406376
1.42727    0.0101916
1.42909    0.0162877
1.43091    0.0223333
1.43273    0.0283099
1.43455    0.0341993
1.43636    0.0399839
1.43818    0.0456464
1.44    0.0511704
1.44182    0.0565402
1.44364    0.0617405
1.44545    0.0667574
1.44727    0.0715776
1.44909    0.0761889
1.45091    0.0805801
1.45273    0.0847411
1.45455    0.0886628
1.45636    0.0923374
1.45818    0.095758
1.46    0.0989191
1.46182    0.101816
1.46364    0.104446
1.46545    0.106807
1.46727    0.108897
1.46909    0.110718
1.47091    0.112269
1.47273    0.113554
1.47455    0.114576
1.47636    0.115339
1.47818    0.115848
1.48    0.116109
1.48182    0.11613
1.48364    0.115918
1.48545    0.115481
1.48727    0.114828
1.48909    0.113969
1.49091    0.112913
1.49273    0.111672
1.49455    0.110255
1.49636    0.108675
1.49818    0.106941
1.5    0.105066
1.50182    0.103061
1.50364    0.100937
1.50545    0.0987064
1.50727    0.0963802
1.50909    0.0939698
1.51091    0.0914861
1.51273    0.08894
1.51455    0.0863421
1.51636    0.0837028
1.51818    0.0810317
1.52    0.0783386
1.52182    0.0756323
1.52364    0.0729217
1.52545    0.070215
1.52727    0.0675198
1.52909    0.0648437
1.53091    0.0621932
1.53273    0.0595747
1.53455    0.0569941
1.53636    0.0544566
1.53818    0.0519671
1.54    0.0495298
1.54182    0.0471487
1.54364    0.0448271
1.54545    0.042568
1.54727    0.040374
1.54909    0.038247
1.55091    0.0361889
1.55273    0.0342009
1.55455    0.032284
1.55636    0.0304387
1.55818    0.0286653
1.56    0.0269639
1.56182    0.0253341
1.56364    0.0237754
1.56545    0.0222871
1.56727    0.0208682
1.56909    0.0195173
1.57091    0.0182332
1.57273    0.0170145
1.57455    0.0158593
1.57636    0.0147661
1.57818    0.0137329
1.58    0.0127579
1.58182    0.0118389
1.58364    0.0109741
1.58545    0.0101612
1.58727    0.00939827
1.58909    0.00868312
1.59091    0.00801368
1.59273    0.00738782
1.59455    0.00680346
1.59636    0.00625859
1.59818    0.00575118
1.6    0.00527921
1.60182    0.00484081
1.60364    0.00443409
1.60545    0.00405722
1.60727    0.00370844
1.60909    0.00338607
1.61091    0.00308845
1.61273    0.00281403
1.61455    0.0025613
1.61636    0.00232882
1.61818    0.00211524
1.62    0.00191923
1.62182    0.00173956
1.62364    0.0015751
1.62545    0.00142469
1.62727    0.00128731
1.62909    0.00116199
1.63091    0.00104778
1.63273    0.00094383
1.63455    0.000849315
1.63636    0.000763489
1.63818    0.00068562
1.64    0.000615073
1.64182    0.000551246
1.64364    0.000493508
1.64545    0.00044137
1.64727    0.000394356
1.64909    0.000351997
1.65091    0.000313859
1.65273    0.000279562
1.65455    0.000248778
1.65636    0.000221164
1.65818    0.000196415
1.66    0.00017425
1.66182    0.000154431
1.66364    0.000136742
1.66545    0.00012097
1.66727    0.00010688
1.66909    9.43442e-005
1.67091    8.32169e-005
1.67273    7.33113e-005
1.67455    6.45285e-005
1.67636    5.67353e-005
1.67818    4.98339e-005
1.68    4.37382e-005
1.68182    3.83474e-005
1.68364    3.35747e-005
1.68545    2.9387e-005
1.68727    2.5687e-005
1.68909    2.24211e-005
1.69091    1.95735e-005
1.69273    1.70503e-005
1.69455    1.48474e-005
1.69636    1.29208e-005
1.69818    1.12204e-005
1.7    9.74546e-006
1.70182    8.45305e-006
1.70364    7.32114e-006
1.70545    6.33865e-006
1.70727    5.48034e-006
1.70909    4.73787e-006
1.71091    4.09088e-006
1.71273    3.52377e-006
1.71455    3.03473e-006
1.71636    2.61697e-006
1.71818    2.24604e-006
1.72    1.92737e-006
1.72182    1.65914e-006
1.72364    1.42079e-006
1.72545    1.21744e-006
1.72727    1.03617e-006
1.72909    8.94143e-007
1.73091    7.62763e-007
1.73273    6.41376e-007
1.73455    5.58273e-007
1.73636    4.69845e-007
1.73818    3.97476e-007
1.74    3.43085e-007
1.74182    2.89374e-007
1.74364    2.44639e-007
1.74545    2.08267e-007
1.74727    1.76527e-007
1.74909    1.47459e-007
1.75091    1.25319e-007
1.75273    1.10535e-007
1.75455    8.60936e-008
1.75636    7.53188e-008
1.75818    6.7559e-008
1.76    4.73466e-008
1.76182    4.84047e-008
1.76364    3.97879e-008
1.76545    2.714e-008
1.76727    3.0786e-008
1.76909    2.1613e-008
1.77091    1.51624e-008
1.77273    1.99004e-008
1.77455    8.92547e-009
1.77636    1.40069e-008
1.77818    8.80435e-009
1.78    3.94279e-009
1.78182    1.35325e-008
1.78364    -1.20416e-009
1.78545    3.39607e-009
1.78727    1.02334e-008
1.78909    -1.9976e-009
1.79091    3.2853e-009
1.79273    4.17798e-009
1.79455    -1.84578e-009
1.79636    2.24796e-009
1.79818    4.00588e-009
1.8    -1.55923e-009
1.80182    2.31944e-010
1.80364    3.65693e-009
1.80545    -2.10509e-009
1.80727    4.58899e-010
1.80909    1.49491e-009
1.81091    6.16668e-010
1.81273    -1.00849e-009
1.81455    8.86077e-010
1.81636    1.49484e-009
1.81818    -2.33558e-009
1.82    9.70544e-010
1.82182    2.53329e-009
1.82364    -4.7237e-009
1.82545    3.1401e-009
1.82727    1.7801e-009
1.82909    -4.53629e-009
1.83091    4.40251e-009
1.83273    -2.66738e-009
1.83455    -3.92084e-010
1.83636    2.20681e-009
1.83818    -2.92517e-009
1.84    3.08292e-009
1.84182    -5.00002e-010
1.84364    -3.51997e-009
1.84545    4.74669e-009
1.84727    -1.65977e-009
1.84909    -1.99293e-009
1.85091    2.98112e-009
1.85273    -2.60432e-009
1.85455    2.56226e-009
1.85636    -2.09958e-009
1.85818    1.78045e-010
1.86    1.04688e-009
1.86182    -1.51545e-011
1.86364    -4.90644e-010
1.86545    -1.13879e-010
1.86727    1.46225e-009
1.86909    -2.74799e-009
1.87091    2.34223e-009
1.87273    -1.67181e-009
1.87455    1.46979e-009
1.87636    4.53244e-010
1.87818    -2.8937e-009
1.88    2.7976e-009
1.88182    -1.58895e-009
1.88364    3.27909e-010
1.88545    8.10393e-010
1.88727    -1.14098e-009
1.88909    1.15022e-009
1.89091    -9.1284e-010
1.89273    1.18851e-009
1.89455    -2.57282e-009
1.89636    3.19018e-009
1.89818    -1.79217e-009
1.9    4.32634e-010
1.90182    9.27267e-010
1.90364    -3.31781e-009
1.90545    4.72769e-009
1.90727    -3.41733e-009
1.90909    6.97748e-010
1.91091    1.1392e-009
1.91273    -2.12633e-009
1.91455    2.51079e-009
1.91636    -2.22081e-009
1.91818    1.53835e-009
1.92    -3.6857e-010
1.92182    -8.08185e-010
1.92364    1.44198e-009
1.92545    -8.43755e-010
1.92727    -1.83161e-011
1.92909    1.15988e-010
1.93091    2.63607e-010
1.93273    -3.07067e-010
1.93455    -5.1202e-011
1.93636    6.14315e-010
1.93818    -6.29919e-010
1.94    -1.03265e-010
1.94182    1.41129e-009
1.94364    -2.32537e-009
1.94545    1.83771e-009
1.94727    -7.99117e-010
1.94909    4.00739e-010
1.95091    -3.94049e-010
1.95273    3.36751e-010
1.95455    -2.9877e-010
1.95636    1.94002e-010
1.95818    -2.39895e-010
1.96    3.98891e-010
1.96182    -1.29082e-010
1.96364    -3.48294e-010
1.96545    3.37288e-010
1.96727    -1.11863e-010
1.96909    1.94464e-010
1.97091    -5.20331e-010
1.97273    7.16886e-010
1.97455    -6.66618e-010
1.97636    4.08416e-010
1.97818    -1.35958e-010
1.98    -4.39405e-011
1.98182    1.01086e-011
1.98364    1.88645e-010
1.98545    -3.74004e-010
1.98727    3.78163e-010
1.98909    -2.67413e-010
1.99091    1.60264e-010
1.99273    -1.1625e-010
1.99455    8.90967e-011
1.99636    -4.74123e-011
1.99818    -1.14649e-011
