0.00181818    6.75994e-255
0.00363636    2.33171e-252
0.00545455    4.03691e-250
0.00727273    4.67724e-248
0.00909091    4.07978e-246
0.0109091    2.85763e-244
0.0127273    1.67422e-242
0.0145455    8.43876e-241
0.0163636    3.73548e-239
0.0181818    1.47517e-237
0.02    5.26199e-236
0.0218182    1.71246e-234
0.0236364    5.12684e-233
0.0254545    1.42184e-231
0.0272727    3.67441e-230
0.0290909    8.8935e-229
0.0309091    2.02502e-227
0.0327273    4.35456e-226
0.0345455    8.87389e-225
0.0363636    1.71898e-223
0.0381818    3.17399e-222
0.04    5.60014e-221
0.0418182    9.46291e-220
0.0436364    1.53451e-218
0.0454545    2.39249e-217
0.0472727    3.59257e-216
0.0490909    5.20384e-215
0.0509091    7.28181e-214
0.0527273    9.85683e-213
0.0545455    1.2923e-211
0.0563636    1.64295e-210
0.0581818    2.02766e-209
0.06    2.43174e-208
0.0618182    2.83666e-207
0.0636364    3.22148e-206
0.0654545    3.56475e-205
0.0672727    3.84657e-204
0.0690909    4.05057e-203
0.0709091    4.16548e-202
0.0727273    4.18615e-201
0.0745455    4.11378e-200
0.0763636    3.95555e-199
0.0781818    3.72362e-198
0.08    3.43362e-197
0.0818182    3.1031e-196
0.0836364    2.74987e-195
0.0854545    2.39061e-194
0.0872727    2.03978e-193
0.0890909    1.70893e-192
0.0909091    1.40642e-191
0.0927273    1.13744e-190
0.0945455    9.04334e-190
0.0963636    7.07095e-189
0.0981818    5.43913e-188
0.1    4.11747e-187
0.101818    3.06848e-186
0.103636    2.25188e-185
0.105455    1.62789e-184
0.107273    1.15957e-183
0.109091    8.14094e-183
0.110909    5.63484e-182
0.112727    3.8462e-181
0.114545    2.58961e-180
0.116364    1.72027e-179
0.118182    1.12777e-178
0.12    7.29805e-178
0.121818    4.66287e-177
0.123636    2.94206e-176
0.125455    1.83355e-175
0.127273    1.12893e-174
0.129091    6.86844e-174
0.130909    4.12998e-173
0.132727    2.45481e-172
0.134545    1.4426e-171
0.136364    8.38317e-171
0.138182    4.81812e-170
0.14    2.73922e-169
0.141818    1.54072e-168
0.143636    8.5751e-168
0.145455    4.72321e-167
0.147273    2.57502e-166
0.149091    1.38974e-165
0.150909    7.42608e-165
0.152727    3.92929e-164
0.154545    2.059e-163
0.156364    1.06867e-162
0.158182    5.49449e-162
0.16    2.79876e-161
0.161818    1.41257e-160
0.163636    7.06497e-160
0.165455    3.50201e-159
0.167273    1.7206e-158
0.169091    8.38001e-158
0.170909    4.04631e-157
0.172727    1.93717e-156
0.174545    9.1964e-156
0.176364    4.32962e-155
0.178182    2.02165e-154
0.18    9.36335e-154
0.181818    4.30193e-153
0.183636    1.96085e-152
0.185455    8.86768e-152
0.187273    3.97925e-151
0.189091    1.77196e-150
0.190909    7.8308e-150
0.192727    3.43473e-149
0.194545    1.49537e-148
0.196364    6.46264e-148
0.198182    2.77274e-147
0.2    1.18108e-146
0.201818    4.99518e-146
0.203636    2.09778e-145
0.205455    8.7485e-145
0.207273    3.62331e-144
0.209091    1.4904e-143
0.210909    6.08918e-143
0.212727    2.47115e-142
0.214545    9.96215e-142
0.216364    3.98978e-141
0.218182    1.5875e-140
0.22    6.27587e-140
0.221818    2.46523e-139
0.223636    9.62249e-139
0.225455    3.73243e-138
0.227273    1.43878e-137
0.229091    5.51215e-137
0.230909    2.09891e-136
0.232727    7.94399e-136
0.234545    2.98867e-135
0.236364    1.11772e-134
0.238182    4.15556e-134
0.24    1.53599e-133
0.241818    5.64456e-133
0.243636    2.06242e-132
0.245455    7.49292e-132
0.247273    2.7069e-131
0.249091    9.72436e-131
0.250909    3.47406e-130
0.252727    1.2343e-129
0.254545    4.36148e-129
0.256364    1.53282e-128
0.258182    5.35815e-128
0.26    1.86304e-127
0.261818    6.44362e-127
0.263636    2.21697e-126
0.265455    7.58798e-126
0.267273    2.58374e-125
0.269091    8.75274e-125
0.270909    2.95005e-124
0.272727    9.89282e-124
0.274545    3.30092e-123
0.276364    1.09594e-122
0.278182    3.62073e-122
0.28    1.19035e-121
0.281818    3.89441e-121
0.283636    1.26797e-120
0.285455    4.10861e-120
0.287273    1.32499e-119
0.289091    4.2528e-119
0.290909    1.35863e-118
0.292727    4.32016e-118
0.294545    1.36738e-117
0.296364    4.30807e-117
0.298182    1.35112e-116
0.3    4.21828e-116
0.301818    1.31105e-115
0.303636    4.05661e-115
0.305455    1.24962e-114
0.307273    3.83242e-114
0.309091    1.17021e-113
0.310909    3.55767e-113
0.312727    1.07693e-112
0.314545    3.24594e-112
0.316364    9.74183e-112
0.318182    2.91136e-111
0.32    8.66406e-111
0.321818    2.56759e-110
0.323636    7.57745e-110
0.325455    2.22701e-109
0.327273    6.51833e-109
0.329091    1.90009e-108
0.330909    5.51633e-108
0.332727    1.59504e-107
0.334545    4.59357e-107
0.336364    1.31764e-106
0.338182    3.76463e-106
0.34    1.07136e-105
0.341818    3.03703e-105
0.343636    8.57571e-105
0.345455    2.41218e-104
0.347273    6.75893e-104
0.349091    1.88662e-103
0.350909    5.24611e-103
0.352727    1.45327e-102
0.354545    4.01074e-102
0.356364    1.10275e-101
0.358182    3.02074e-101
0.36    8.24412e-101
0.361818    2.2417e-100
0.363636    6.07327e-100
0.365455    1.63941e-099
0.367273    4.40941e-099
0.369091    1.18171e-098
0.370909    3.15564e-098
0.372727    8.39689e-098
0.374545    2.22644e-097
0.376364    5.88268e-097
0.378182    1.54888e-096
0.38    4.06392e-096
0.381818    1.0626e-095
0.383636    2.76881e-095
0.385455    7.18999e-095
0.387273    1.86072e-094
0.389091    4.79909e-094
0.390909    1.23359e-093
0.392727    3.16024e-093
0.394545    8.06897e-093
0.396364    2.05339e-092
0.398182    5.20818e-092
0.4    1.31665e-091
0.401818    3.31764e-091
0.403636    8.33243e-091
0.405455    2.08595e-090
0.407273    5.20516e-090
0.409091    1.29469e-089
0.410909    3.21004e-089
0.412727    7.93359e-089
0.414545    1.95458e-088
0.416364    4.80028e-088
0.418182    1.17521e-087
0.42    2.86819e-087
0.421818    6.9783e-087
0.423636    1.69257e-086
0.425455    4.09264e-086
0.427273    9.86573e-086
0.429091    2.37098e-085
0.430909    5.68077e-085
0.432727    1.35697e-084
0.434545    3.23167e-084
0.436364    7.67326e-084
0.438182    1.8165e-083
0.44    4.28747e-083
0.441818    1.00898e-082
0.443636    2.36745e-082
0.445455    5.53868e-082
0.447273    1.292e-081
0.449091    3.00509e-081
0.450909    6.96935e-081
0.452727    1.61167e-080
0.454545    3.71631e-080
0.456364    8.54488e-080
0.458182    1.95913e-079
0.46    4.47909e-079
0.461818    1.02115e-078
0.463636    2.3215e-078
0.465455    5.26296e-078
0.467273    1.18982e-077
0.469091    2.68242e-077
0.470909    6.03073e-077
0.472727    1.35213e-076
0.474545    3.02324e-076
0.476364    6.74127e-076
0.478182    1.49909e-075
0.48    3.32458e-075
0.481818    7.35316e-075
0.483636    1.62197e-074
0.485455    3.56818e-074
0.487273    7.82876e-074
0.489091    1.71311e-073
0.490909    3.73874e-073
0.492727    8.13807e-073
0.494545    1.76675e-072
0.496364    3.82555e-072
0.498182    8.26188e-072
0.5    1.77966e-071
0.501818    3.82357e-071
0.503636    8.19375e-071
0.505455    1.75138e-070
0.507273    3.73393e-070
0.509091    7.94046e-070
0.510909    1.68431e-069
0.512727    3.56367e-069
0.514545    7.52106e-069
0.516364    1.58332e-068
0.518182    3.32485e-068
0.52    6.96452e-068
0.521818    1.45523e-067
0.523636    3.03316e-067
0.525455    6.3065e-067
0.527273    1.30802e-066
0.529091    2.70628e-066
0.530909    5.58564e-066
0.532727    1.15005e-065
0.534545    2.36214e-065
0.536364    4.84001e-065
0.538182    9.89329e-065
0.54    2.01741e-064
0.541818    4.10399e-064
0.543636    8.32885e-064
0.545455    1.68629e-063
0.547273    3.40604e-063
0.549091    6.86348e-063
0.550909    1.3798e-062
0.552727    2.76739e-062
0.554545    5.53747e-062
0.556364    1.10545e-061
0.558182    2.20172e-061
0.56    4.375e-061
0.561818    8.67347e-061
0.563636    1.71558e-060
0.565455    3.38558e-060
0.567273    6.66597e-060
0.569091    1.3095e-059
0.570909    2.56663e-059
0.572727    5.01924e-059
0.574545    9.79342e-059
0.576364    1.90658e-058
0.578182    3.70341e-058
0.58    7.1776e-058
0.581818    1.388e-057
0.583636    2.67816e-057
0.585455    5.15612e-057
0.587273    9.90493e-057
0.589091    1.89856e-056
0.590909    3.63117e-056
0.592727    6.92976e-056
0.594545    1.31961e-055
0.596364    2.50742e-055
0.598182    4.75411e-055
0.6    8.99443e-055
0.601818    1.69802e-054
0.603636    3.19875e-054
0.605455    6.01296e-054
0.607273    1.1279e-053
0.609091    2.11119e-053
0.610909    3.94333e-053
0.612727    7.34988e-053
0.614545    1.36704e-052
0.616364    2.53729e-052
0.618182    4.69946e-052
0.62    8.68596e-052
0.621818    1.60207e-051
0.623636    2.94879e-051
0.625455    5.41632e-051
0.627273    9.92813e-051
0.629091    1.81608e-050
0.630909    3.31521e-050
0.632727    6.03942e-050
0.634545    1.09798e-049
0.636364    1.99207e-049
0.638182    3.60689e-049
0.64    6.51751e-049
0.641818    1.17531e-048
0.643636    2.11517e-048
0.645455    3.79898e-048
0.647273    6.80954e-048
0.649091    1.21815e-047
0.650909    2.17478e-047
0.652727    3.87495e-047
0.654545    6.89057e-047
0.656364    1.22288e-046
0.658182    2.166e-046
0.66    3.82892e-046
0.661818    6.75525e-046
0.663636    1.18948e-045
0.665455    2.09037e-045
0.667273    3.66643e-045
0.669091    6.4183e-045
0.670909    1.12138e-044
0.672727    1.95546e-044
0.674545    3.40336e-044
0.676364    5.91194e-044
0.678182    1.02499e-043
0.68    1.77369e-043
0.681818    3.06343e-043
0.683636    5.28092e-043
0.685455    9.0863e-043
0.687273    1.56042e-042
0.689091    2.67471e-042
0.690909    4.57605e-042
0.692727    7.81429e-042
0.694545    1.33191e-041
0.696364    2.26592e-041
0.698182    3.84773e-041
0.7    6.52162e-041
0.701818    1.10332e-040
0.703636    1.86311e-040
0.705455    3.14033e-040
0.707273    5.28337e-040
0.709091    8.87252e-040
0.710909    1.48726e-039
0.712727    2.48845e-039
0.714545    4.15603e-039
0.716364    6.92845e-039
0.718182    1.15293e-038
0.72    1.91507e-038
0.721818    3.17524e-038
0.723636    5.25516e-038
0.725455    8.68186e-038
0.727273    1.43172e-037
0.729091    2.35681e-037
0.730909    3.8727e-037
0.732727    6.35225e-037
0.734545    1.04008e-036
0.736364    1.69994e-036
0.738182    2.77352e-036
0.74    4.51711e-036
0.741818    7.34382e-036
0.743636    1.19184e-035
0.745455    1.93086e-035
0.747273    3.12264e-035
0.749091    5.04119e-035
0.750909    8.12428e-035
0.752727    1.30701e-034
0.754545    2.09904e-034
0.756364    3.36516e-034
0.758182    5.38568e-034
0.76    8.60447e-034
0.761818    1.37233e-033
0.763636    2.18498e-033
0.765455    3.47287e-033
0.767273    5.51044e-033
0.769091    8.72854e-033
0.770909    1.38024e-032
0.772727    2.17887e-032
0.774545    3.43374e-032
0.776364    5.40216e-032
0.778182    8.48464e-032
0.78    1.33035e-031
0.781818    2.08241e-031
0.783636    3.25414e-031
0.785455    5.07664e-031
0.787273    7.90661e-031
0.789091    1.22936e-030
0.790909    1.90827e-030
0.792727    2.9572e-030
0.794545    4.57508e-030
0.796364    7.06638e-030
0.798182    1.08962e-029
0.8    1.67741e-029
0.801818    2.57801e-029
0.803636    3.95563e-029
0.805455    6.05945e-029
0.807273    9.26701e-029
0.809091    1.41493e-028
0.810909    2.15686e-028
0.812727    3.28248e-028
0.814545    4.9874e-028
0.816364    7.56558e-028
0.818182    1.14579e-027
0.82    1.73248e-027
0.821818    2.61535e-027
0.823636    3.94176e-027
0.825455    5.93135e-027
0.827273    8.91085e-027
0.829091    1.33656e-026
0.830909    2.00154e-026
0.832727    2.99259e-026
0.834545    4.46722e-026
0.836364    6.6579e-026
0.838182    9.90712e-026
0.84    1.47187e-025
0.841818    2.18326e-025
0.843636    3.23336e-025
0.845455    4.781e-025
0.847273    7.05831e-025
0.849091    1.0404e-024
0.850909    1.53116e-024
0.852727    2.24988e-024
0.854545    3.3008e-024
0.856364    4.83507e-024
0.858182    7.07148e-024
0.86    1.03263e-023
0.861818    1.50557e-023
0.863636    2.19174e-023
0.865455    3.18569e-023
0.867273    4.62326e-023
0.869091    6.69921e-023
0.870909    9.6924e-023
0.872727    1.40014e-022
0.874545    2.01951e-022
0.876364    2.90842e-022
0.878182    4.1822e-022
0.88    6.00467e-022
0.881818    8.6082e-022
0.883636    1.23218e-021
0.885455    1.76108e-021
0.887273    2.51319e-021
0.889091    3.58109e-021
0.890909    5.09504e-021
0.892727    7.23813e-021
0.894545    1.02672e-020
0.896364    1.45419e-020
0.898182    2.05657e-020
0.9    2.9041e-020
0.901818    4.09479e-020
0.903636    5.76505e-020
0.905455    8.10451e-020
0.907273    1.13764e-019
0.909091    1.59454e-019
0.910909    2.23163e-019
0.912727    3.11864e-019
0.914545    4.35178e-019
0.916364    6.06353e-019
0.918182    8.43615e-019
0.92    1.17199e-018
0.921818    1.62579e-018
0.923636    2.25199e-018
0.925455    3.11481e-018
0.927273    4.30191e-018
0.929091    5.93276e-018
0.930909    8.16992e-018
0.932727    1.12343e-017
0.934545    1.54256e-017
0.936364    2.11498e-017
0.938182    2.89562e-017
0.94    3.95864e-017
0.941818    5.4041e-017
0.943636    7.36669e-017
0.945455    1.00275e-016
0.947273    1.36299e-016
0.949091    1.84997e-016
0.950909    2.50733e-016
0.952727    3.39341e-016
0.954545    4.58605e-016
0.956364    6.18899e-016
0.958182    8.34028e-016
0.96    1.12233e-015
0.961818    1.50815e-015
0.963636    2.02371e-015
0.965455    2.71166e-015
0.967273    3.62832e-015
0.969091    4.84798e-015
0.970909    6.46847e-015
0.972727    8.61843e-015
0.974545    1.14668e-014
0.976364    1.5235e-014
0.978182    2.02131e-014
0.98    2.67801e-014
0.981818    3.54308e-014
0.983636    4.68103e-014
0.985455    6.1758e-014
0.987273    8.1365e-014
0.989091    1.07047e-013
0.990909    1.40639e-013
0.992727    1.84515e-013
0.994545    2.41743e-013
0.996364    3.16279e-013
0.998182    4.13223e-013
1    5.39133e-013
1.00182    7.02435e-013
1.00364    9.13935e-013
1.00545    1.18747e-012
1.00727    1.54075e-012
1.00909    1.99638e-012
1.01091    2.58319e-012
1.01273    3.33788e-012
1.01455    4.30714e-012
1.01636    5.55023e-012
1.01818    7.1423e-012
1.02    9.17846e-012
1.02182    1.1779e-011
1.02364    1.50957e-011
1.02545    1.93199e-011
1.02727    2.46925e-011
1.02909    3.15161e-011
1.03091    4.01708e-011
1.03273    5.11326e-011
1.03455    6.49973e-011
1.03636    8.25096e-011
1.03818    1.04598e-010
1.04    1.32421e-010
1.04182    1.67418e-010
1.04364    2.11378e-010
1.04545    2.66522e-010
1.04727    3.35599e-010
1.04909    4.2201e-010
1.05091    5.29957e-010
1.05273    6.64622e-010
1.05455    8.32389e-010
1.05636    1.04111e-009
1.05818    1.30041e-009
1.06    1.62213e-009
1.06182    2.02074e-009
1.06364    2.51393e-009
1.06545    3.12332e-009
1.06727    3.87525e-009
1.06909    4.80181e-009
1.07091    5.94197e-009
1.07273    7.34309e-009
1.07455    9.06254e-009
1.07636    1.11698e-008
1.07818    1.37487e-008
1.08    1.69006e-008
1.08182    2.07476e-008
1.08364    2.54365e-008
1.08545    3.1144e-008
1.08727    3.80816e-008
1.08909    4.65032e-008
1.09091    5.67122e-008
1.09273    6.90713e-008
1.09455    8.40128e-008
1.09636    1.02052e-007
1.09818    1.23801e-007
1.1    1.49988e-007
1.10182    1.81476e-007
1.10364    2.19285e-007
1.10545    2.64623e-007
1.10727    3.18917e-007
1.10909    3.83847e-007
1.11091    4.6139e-007
1.11273    5.53871e-007
1.11455    6.6402e-007
1.11636    7.95032e-007
1.11818    9.50648e-007
1.12    1.13524e-006
1.12182    1.3539e-006
1.12364    1.61257e-006
1.12545    1.91815e-006
1.12727    2.27867e-006
1.12909    2.70341e-006
1.13091    3.20314e-006
1.13273    3.7903e-006
1.13455    4.47925e-006
1.13636    5.28653e-006
1.13818    6.23118e-006
1.14    7.33507e-006
1.14182    8.62329e-006
1.14364    1.01246e-005
1.14545    1.18717e-005
1.14727    1.39023e-005
1.14909    1.6259e-005
1.15091    1.89904e-005
1.15273    2.21519e-005
1.15455    2.58062e-005
1.15636    3.00242e-005
1.15818    3.48862e-005
1.16    4.04828e-005
1.16182    4.69162e-005
1.16364    5.43013e-005
1.16545    6.27672e-005
1.16727    7.24587e-005
1.16909    8.35377e-005
1.17091    9.61854e-005
1.17273    0.000110604
1.17455    0.000127018
1.17636    0.000145679
1.17818    0.000166863
1.18    0.000190879
1.18182    0.000218067
1.18364    0.000248803
1.18545    0.000283501
1.18727    0.000322616
1.18909    0.000366648
1.19091    0.000416146
1.19273    0.000471709
1.19455    0.000533991
1.19636    0.000603704
1.19818    0.000681624
1.2    0.000768592
1.20182    0.000865519
1.20364    0.000973388
1.20545    0.00109326
1.20727    0.00122628
1.20909    0.00137367
1.21091    0.00153674
1.21273    0.00171691
1.21455    0.00191565
1.21636    0.00213457
1.21818    0.00237535
1.22    0.00263977
1.22182    0.00292973
1.22364    0.0032472
1.22545    0.00359426
1.22727    0.00397309
1.22909    0.00438596
1.23091    0.00483523
1.23273    0.00532334
1.23455    0.00585281
1.23636    0.00642625
1.23818    0.0070463
1.24    0.00771567
1.24182    0.00843712
1.24364    0.00921341
1.24545    0.0100473
1.24727    0.0109417
1.24909    0.0118992
1.25091    0.0129225
1.25273    0.0140144
1.25455    0.0151774
1.25636    0.0164138
1.25818    0.0177261
1.26    0.0191162
1.26182    0.0205861
1.26364    0.0221375
1.26545    0.0237718
1.26727    0.0254901
1.26909    0.027293
1.27091    0.029181
1.27273    0.031154
1.27455    0.0332116
1.27636    0.0353526
1.27818    0.0375757
1.28    0.0398786
1.28182    0.0422589
1.28364    0.0447131
1.28545    0.0472373
1.28727    0.0498268
1.28909    0.0524764
1.29091    0.05518
1.29273    0.0579308
1.29455    0.0607212
1.29636    0.0635428
1.29818    0.0663866
1.3    0.0692427
1.30182    0.0721006
1.30364    0.0749489
1.30545    0.0777756
1.30727    0.0805679
1.30909    0.0833125
1.31091    0.0859955
1.31273    0.0886024
1.31455    0.0911183
1.31636    0.0935278
1.31818    0.0958153
1.32    0.0979648
1.32182    0.0999602
1.32364    0.101785
1.32545    0.103424
1.32727    0.104861
1.32909    0.10608
1.33091    0.107066
1.33273    0.107804
1.33455    0.108279
1.33636    0.10848
1.33818    0.108392
1.34    0.108006
1.34182    0.107309
1.34364    0.106294
1.34545    0.104953
1.34727    0.103279
1.34909    0.101268
1.35091    0.0989172
1.35273    0.0962254
1.35455    0.0931934
1.35636    0.0898239
1.35818    0.0861216
1.36    0.0820931
1.36182    0.0777473
1.36364    0.0730949
1.36545    0.0681489
1.36727    0.0629243
1.36909    0.0574381
1.37091    0.0517091
1.37273    0.0457584
1.37455    0.0396085
1.37636    0.0332839
1.37818    0.0268105
1.38    0.0202157
1.38182    0.0135283
1.38364    0.00677833
1.38545    -3.39522e-006
1.38727    -0.00678509
1.38909    -0.0135344
1.39091    -0.0202186
1.39273    -0.0268047
1.39455    -0.0332597
1.39636    -0.039551
1.39818    -0.0456462
1.4    -0.0515137
1.40182    -0.0571228
1.40364    -0.0624439
1.40545    -0.0674485
1.40727    -0.0721099
1.40909    -0.076403
1.41091    -0.0803045
1.41273    -0.0837931
1.41455    -0.0868499
1.41636    -0.0894581
1.41818    -0.0916035
1.42    -0.0932744
1.42182    -0.0944618
1.42364    -0.0951592
1.42545    -0.0953632
1.42727    -0.0950727
1.42909    -0.0942898
1.43091    -0.0930192
1.43273    -0.0912681
1.43455    -0.0890466
1.43636    -0.0863672
1.43818    -0.0832449
1.44    -0.0796973
1.44182    -0.075744
1.44364    -0.0714067
1.44545    -0.0667091
1.44727    -0.0616766
1.44909    -0.0563361
1.45091    -0.0507159
1.45273    -0.0448456
1.45455    -0.0387556
1.45636    -0.0324772
1.45818    -0.0260421
1.46    -0.0194824
1.46182    -0.0128303
1.46364    -0.00611791
1.46545    0.000622939
1.46727    0.00736092
1.46909    0.0140654
1.47091    0.0207066
1.47273    0.0272556
1.47455    0.0336849
1.47636    0.0399682
1.47818    0.0460806
1.48    0.051999
1.48182    0.0577017
1.48364    0.0631688
1.48545    0.0683823
1.48727    0.0733263
1.48909    0.0779863
1.49091    0.0823501
1.49273    0.0864076
1.49455    0.0901501
1.49636    0.0935714
1.49818    0.0966669
1.5    0.099434
1.50182    0.101872
1.50364    0.103981
1.50545    0.105764
1.50727    0.107226
1.50909    0.108371
1.51091    0.109207
1.51273    0.109742
1.51455    0.109985
1.51636    0.109947
1.51818    0.10964
1.52    0.109075
1.52182    0.108265
1.52364    0.107225
1.52545    0.105968
1.52727    0.104509
1.52909    0.102862
1.53091    0.101042
1.53273    0.0990649
1.53455    0.096945
1.53636    0.0946974
1.53818    0.0923367
1.54    0.0898772
1.54182    0.0873333
1.54364    0.0847184
1.54545    0.0820458
1.54727    0.0793284
1.54909    0.0765782
1.55091    0.0738069
1.55273    0.0710255
1.55455    0.0682443
1.55636    0.0654729
1.55818    0.0627205
1.56    0.0599953
1.56182    0.0573051
1.56364    0.0546568
1.56545    0.0520568
1.56727    0.0495108
1.56909    0.0470237
1.57091    0.0446
1.57273    0.0422434
1.57455    0.0399572
1.57636    0.037744
1.57818    0.035606
1.58    0.0335449
1.58182    0.0315617
1.58364    0.0296571
1.58545    0.0278316
1.58727    0.0260851
1.58909    0.0244171
1.59091    0.0228269
1.59273    0.0213135
1.59455    0.0198757
1.59636    0.018512
1.59818    0.0172206
1.6    0.0159997
1.60182    0.0148473
1.60364    0.0137612
1.60545    0.0127392
1.60727    0.0117791
1.60909    0.0108783
1.61091    0.0100345
1.61273    0.00924526
1.61455    0.00850807
1.61636    0.00782056
1.61818    0.00718021
1.62    0.00658465
1.62182    0.00603156
1.62364    0.00551855
1.62545    0.00504341
1.62727    0.00460393
1.62909    0.00419798
1.63091    0.00382351
1.63273    0.00347851
1.63455    0.00316107
1.63636    0.00286941
1.63818    0.00260175
1.64    0.00235642
1.64182    0.00213191
1.64364    0.00192664
1.64545    0.00173918
1.64727    0.00156827
1.64909    0.00141262
1.65091    0.00127102
1.65273    0.00114236
1.65455    0.00102562
1.65636    0.000919824
1.65818    0.000824049
1.66    0.00073745
1.66182    0.000659228
1.66364    0.000588692
1.66545    0.000525149
1.66727    0.000467957
1.66909    0.000416541
1.67091    0.00037039
1.67273    0.000329015
1.67455    0.000291949
1.67636    0.000258772
1.67818    0.000229138
1.68    0.000202686
1.68182    0.000179093
1.68364    0.000158092
1.68545    0.000139401
1.68727    0.00012279
1.68909    0.000108056
1.69091    9.49792e-005
1.69273    8.34138e-005
1.69455    7.31692e-005
1.69636    6.41165e-005
1.69818    5.61459e-005
1.7    4.90871e-005
1.70182    4.28871e-005
1.70364    3.74409e-005
1.70545    3.26296e-005
1.70727    2.84262e-005
1.70909    2.47407e-005
1.71091    2.14943e-005
1.71273    1.86717e-005
1.71455    1.61955e-005
1.71636    1.40329e-005
1.71818    1.21544e-005
1.72    1.05018e-005
1.72182    9.08194e-006
1.72364    7.8402e-006
1.72545    6.75214e-006
1.72727    5.82368e-006
1.72909    5.0092e-006
1.73091    4.30763e-006
1.73273    3.69735e-006
1.73455    3.16986e-006
1.73636    2.72496e-006
1.73818    2.32771e-006
1.74    1.99076e-006
1.74182    1.70718e-006
1.74364    1.44977e-006
1.74545    1.24031e-006
1.74727    1.06123e-006
1.74909    8.91964e-007
1.75091    7.69411e-007
1.75273    6.53399e-007
1.75455    5.45234e-007
1.75636    4.7002e-007
1.75818    3.96136e-007
1.76    3.35481e-007
1.76182    2.8269e-007
1.76364    2.39375e-007
1.76545    2.06693e-007
1.76727    1.63998e-007
1.76909    1.45331e-007
1.77091    1.26775e-007
1.77273    9.12996e-008
1.77455    9.1515e-008
1.77636    7.11897e-008
1.77818    5.70987e-008
1.78    5.48167e-008
1.78182    3.66563e-008
1.78364    3.92637e-008
1.78545    2.69827e-008
1.78727    2.20233e-008
1.78909    2.68684e-008
1.79091    1.37833e-008
1.79273    1.16318e-008
1.79455    1.6659e-008
1.79636    4.71149e-009
1.79818    1.14146e-008
1.8    7.15466e-009
1.80182    1.81921e-009
1.80364    8.57601e-009
1.80545    1.07235e-009
1.80727    5.98516e-009
1.80909    8.77967e-010
1.81091    -4.62741e-010
1.81273    6.59019e-009
1.81455    -1.40787e-009
1.81636    7.72229e-011
1.81818    4.84173e-009
1.82    -1.90864e-009
1.82182    1.1654e-010
1.82364    1.96227e-009
1.82545    -1.02166e-010
1.82727    9.10441e-010
1.82909    -9.79779e-010
1.83091    2.25614e-009
1.83273    -2.1603e-009
1.83455    -5.49771e-011
1.83636    5.00304e-009
1.83818    -6.47904e-009
1.84    2.71647e-009
1.84182    2.46289e-009
1.84364    -2.89843e-009
1.84545    1.77007e-009
1.84727    -1.33454e-009
1.84909    1.91845e-009
1.85091    -2.5311e-009
1.85273    1.81163e-009
1.85455    1.14645e-009
1.85636    -2.79992e-009
1.85818    7.64768e-010
1.86    1.41429e-009
1.86182    -1.65401e-009
1.86364    3.97687e-010
1.86545    1.86373e-009
1.86727    -3.56015e-009
1.86909    2.54517e-009
1.87091    1.19961e-011
1.87273    -4.64545e-010
1.87455    -4.88692e-010
1.87636    1.274e-009
1.87818    -1.00744e-009
1.88    -4.86728e-010
1.88182    2.60565e-009
1.88364    -4.0753e-009
1.88545    3.46457e-009
1.88727    -1.52077e-009
1.88909    -5.1754e-010
1.89091    2.18442e-009
1.89273    -2.88244e-009
1.89455    2.28171e-009
1.89636    -3.70799e-010
1.89818    -1.86595e-009
1.9    2.08158e-009
1.90182    -2.00446e-010
1.90364    -1.64353e-009
1.90545    2.59218e-009
1.90727    -1.41597e-009
1.90909    -1.11607e-009
1.91091    2.67898e-009
1.91273    -2.35438e-009
1.91455    7.06426e-010
1.91636    4.24765e-010
1.91818    -9.82378e-010
1.92    1.85654e-009
1.92182    -2.79415e-009
1.92364    2.26413e-009
1.92545    -9.28115e-010
1.92727    3.35645e-010
1.92909    5.73877e-010
1.93091    -1.98345e-009
1.93273    2.86223e-009
1.93455    -3.10256e-009
1.93636    2.77453e-009
1.93818    -1.98538e-009
1.94    7.29657e-010
1.94182    8.36548e-010
1.94364    -2.09642e-009
1.94545    2.12961e-009
1.94727    -1.29508e-009
1.94909    3.72784e-010
1.95091    2.9537e-010
1.95273    -5.58073e-010
1.95455    4.61714e-010
1.95636    -3.16186e-010
1.95818    3.98197e-010
1.96    -6.12216e-010
1.96182    6.11043e-010
1.96364    -2.93534e-010
1.96545    -6.67535e-011
1.96727    1.95351e-010
1.96909    -1.41767e-010
1.97091    1.43423e-010
1.97273    -2.87305e-010
1.97455    5.96754e-010
1.97636    -9.29602e-010
1.97818    1.053e-009
1.98    -6.53681e-010
1.98182    2.2163e-010
1.98364    -2.21776e-010
1.98545    2.83002e-010
1.98727    -1.54695e-010
1.98909    8.71601e-011
1.99091    -1.49107e-010
1.99273    1.78896e-010
1.99455    -1.04244e-010
1.99636    1.51214e-011
1.99818    -5.42789e-012
