0.004    6.25596e-215
0.008    4.72147e-212
0.012    1.77886e-209
0.016    4.46092e-207
0.02    8.37674e-205
0.024    1.25638e-202
0.028    1.56778e-200
0.032    1.67417e-198
0.036    1.56178e-196
0.04    1.29295e-194
0.044    9.61787e-193
0.048    6.49338e-191
0.052    4.012e-189
0.056    2.2844e-187
0.06    1.20582e-185
0.064    5.93069e-184
0.068    2.73009e-182
0.072    1.18085e-180
0.076    4.8157e-179
0.08    1.85743e-177
0.084    6.7945e-176
0.088    2.36307e-174
0.092    7.83169e-173
0.096    2.4785e-171
0.1    7.50406e-170
0.104    2.17736e-168
0.108    6.06434e-167
0.112    1.62367e-165
0.116    4.1847e-164
0.12    1.03953e-162
0.124    2.49191e-161
0.128    5.77069e-160
0.132    1.29233e-158
0.136    2.80152e-157
0.14    5.88413e-156
0.144    1.19844e-154
0.148    2.36888e-153
0.152    4.54779e-152
0.156    8.48597e-151
0.16    1.54009e-149
0.164    2.7203e-148
0.168    4.67931e-147
0.172    7.84332e-146
0.176    1.28178e-144
0.18    2.04342e-143
0.184    3.17944e-142
0.188    4.83068e-141
0.192    7.17022e-140
0.196    1.0402e-138
0.2    1.47554e-137
0.204    2.04744e-136
0.208    2.78016e-135
0.212    3.69565e-134
0.216    4.81099e-133
0.22    6.13554e-132
0.224    7.66819e-131
0.228    9.39497e-130
0.232    1.12875e-128
0.236    1.33025e-127
0.24    1.53824e-126
0.244    1.74581e-125
0.248    1.94523e-124
0.252    2.12844e-123
0.256    2.28758e-122
0.26    2.41559e-121
0.264    2.50674e-120
0.268    2.55702e-119
0.272    2.56446e-118
0.276    2.52922e-117
0.28    2.4536e-116
0.284    2.3417e-115
0.288    2.19917e-114
0.292    2.03269e-113
0.296    1.84948e-112
0.3    1.65681e-111
0.304    1.46157e-110
0.308    1.26989e-109
0.312    1.08688e-108
0.316    9.16522e-108
0.32    7.61583e-107
0.324    6.23695e-106
0.328    5.03471e-105
0.332    4.00671e-104
0.336    3.14396e-103
0.34    2.43277e-102
0.344    1.85661e-101
0.348    1.39764e-100
0.352    1.03796e-099
0.356    7.60561e-099
0.36    5.49932e-098
0.364    3.92426e-097
0.368    2.76397e-096
0.372    1.9217e-095
0.376    1.31907e-094
0.38    8.93972e-094
0.384    5.98279e-093
0.388    3.95416e-092
0.392    2.58119e-091
0.396    1.66435e-090
0.4    1.06017e-089
0.404    6.67195e-089
0.408    4.14876e-088
0.412    2.54926e-087
0.416    1.54803e-086
0.42    9.29081e-086
0.424    5.51159e-085
0.428    3.23211e-084
0.432    1.87378e-083
0.436    1.07402e-082
0.44    6.08693e-082
0.444    3.41128e-081
0.448    1.89061e-080
0.452    1.0363e-079
0.456    5.61825e-079
0.46    3.01288e-078
0.464    1.59831e-077
0.468    8.38816e-077
0.472    4.35545e-076
0.476    2.23763e-075
0.48    1.13754e-074
0.484    5.72256e-074
0.488    2.84901e-073
0.492    1.4038e-072
0.496    6.84618e-072
0.5    3.30487e-071
0.504    1.57925e-070
0.508    7.47068e-070
0.512    3.49874e-069
0.516    1.6223e-068
0.52    7.44806e-068
0.524    3.38589e-067
0.528    1.52421e-066
0.532    6.79488e-066
0.536    2.99991e-065
0.54    1.31175e-064
0.544    5.68102e-064
0.548    2.43704e-063
0.552    1.03557e-062
0.556    4.35914e-062
0.56    1.8178e-061
0.564    7.50998e-061
0.568    3.07397e-060
0.572    1.24666e-059
0.576    5.00962e-059
0.58    1.99476e-058
0.584    7.87094e-058
0.588    3.07773e-057
0.592    1.19268e-056
0.596    4.58059e-056
0.6    1.7436e-055
0.604    6.57833e-055
0.608    2.46007e-054
0.612    9.11929e-054
0.616    3.35099e-053
0.62    1.22068e-052
0.624    4.40822e-052
0.628    1.57825e-051
0.632    5.60218e-051
0.636    1.97161e-050
0.64    6.88e-050
0.644    2.38052e-049
0.648    8.16751e-049
0.652    2.77879e-048
0.656    9.37536e-048
0.66    3.1369e-047
0.664    1.0409e-046
0.668    3.42553e-046
0.672    1.11808e-045
0.676    3.61958e-045
0.68    1.16225e-044
0.684    3.70179e-044
0.688    1.16952e-043
0.692    3.66522e-043
0.696    1.13948e-042
0.7    3.51429e-042
0.704    1.07525e-041
0.708    3.26387e-041
0.712    9.82931e-041
0.716    2.93693e-040
0.72    8.70674e-040
0.724    2.56108e-039
0.728    7.47496e-039
0.732    2.16484e-038
0.736    6.22137e-038
0.74    1.77419e-037
0.744    5.02093e-037
0.748    1.41009e-036
0.752    3.93009e-036
0.756    1.08708e-035
0.76    2.98425e-035
0.764    8.13084e-035
0.768    2.19874e-034
0.772    5.90151e-034
0.776    1.57222e-033
0.78    4.15753e-033
0.784    1.09129e-032
0.788    2.84341e-032
0.792    7.35434e-032
0.796    1.88827e-031
0.8    4.81292e-031
0.804    1.21784e-030
0.808    3.05929e-030
0.812    7.6297e-030
0.816    1.88913e-029
0.82    4.64401e-029
0.824    1.13348e-028
0.828    2.74682e-028
0.832    6.60928e-028
0.836    1.57905e-027
0.84    3.74597e-027
0.844    8.82407e-027
0.848    2.06405e-026
0.852    4.7943e-026
0.856    1.10585e-025
0.86    2.53303e-025
0.864    5.76191e-025
0.868    1.30162e-024
0.872    2.92015e-024
0.876    6.50632e-024
0.88    1.43974e-023
0.884    3.16418e-023
0.888    6.90674e-023
0.892    1.49738e-022
0.896    3.22435e-022
0.9    6.89627e-022
0.904    1.46507e-021
0.908    3.09157e-021
0.912    6.4802e-021
0.916    1.34925e-020
0.92    2.79061e-020
0.924    5.73348e-020
0.928    1.17019e-019
0.932    2.37259e-019
0.936    4.77885e-019
0.94    9.56241e-019
0.944    1.90092e-018
0.948    3.75419e-018
0.952    7.36609e-018
0.956    1.43592e-017
0.96    2.78104e-017
0.964    5.35145e-017
0.968    1.02314e-016
0.972    1.94356e-016
0.976    3.66838e-016
0.98    6.8797e-016
0.984    1.28201e-015
0.988    2.3738e-015
0.992    4.36754e-015
0.996    7.98505e-015
1    1.45068e-014
1.004    2.61896e-014
1.008    4.69843e-014
1.012    8.37628e-014
1.016    1.48399e-013
1.02    2.61277e-013
1.024    4.57158e-013
1.028    7.94938e-013
1.032    1.37375e-012
1.036    2.35939e-012
1.04    4.02729e-012
1.044    6.8321e-012
1.048    1.15194e-011
1.052    1.93041e-011
1.056    3.21525e-011
1.06    5.32273e-011
1.064    8.75821e-011
1.068    1.43239e-010
1.072    2.32854e-010
1.076    3.76256e-010
1.08    6.04322e-010
1.084    9.64818e-010
1.088    1.53116e-009
1.092    2.41545e-009
1.096    3.7878e-009
1.1    5.90462e-009
1.104    9.14993e-009
1.108    1.40952e-008
1.112    2.15854e-008
1.116    3.28614e-008
1.12    4.97347e-008
1.124    7.48312e-008
1.128    1.11934e-007
1.132    1.66459e-007
1.136    2.46104e-007
1.14    3.61746e-007
1.144    5.28651e-007
1.148    7.68103e-007
1.152    1.10958e-006
1.156    1.59367e-006
1.16    2.27582e-006
1.164    3.23135e-006
1.168    4.56188e-006
1.172    6.40357e-006
1.176    8.93766e-006
1.18    1.24038e-005
1.184    1.71167e-005
1.188    2.34868e-005
1.192    3.2046e-005
1.196    4.34784e-005
1.2    5.86582e-005
1.204    7.86945e-005
1.208    0.000104985
1.212    0.000139277
1.216    0.000183742
1.22    0.000241057
1.224    0.000314497
1.228    0.000408041
1.232    0.000526489
1.236    0.000675578
1.24    0.00086212
1.244    0.00109414
1.248    0.001381
1.252    0.00173354
1.256    0.00216423
1.26    0.00268721
1.264    0.00331846
1.268    0.00407579
1.272    0.0049789
1.276    0.0060493
1.28    0.00731025
1.284    0.00878656
1.288    0.0105044
1.292    0.0124908
1.296    0.0147736
1.3    0.0173803
1.304    0.0203383
1.308    0.0236733
1.312    0.0274092
1.316    0.0315667
1.32    0.0361631
1.324    0.0412104
1.328    0.0467153
1.332    0.0526778
1.336    0.0590901
1.34    0.0659366
1.344    0.0731926
1.348    0.080824
1.352    0.0887874
1.356    0.0970295
1.36    0.105488
1.364    0.114091
1.368    0.12276
1.372    0.131408
1.376    0.139942
1.38    0.148267
1.384    0.156283
1.388    0.163891
1.392    0.170993
1.396    0.177496
1.4    0.18331
1.404    0.188356
1.408    0.192561
1.412    0.195866
1.416    0.198224
1.42    0.199601
1.424    0.199978
1.428    0.199353
1.432    0.197735
1.436    0.195151
1.44    0.191641
1.444    0.187258
1.448    0.182067
1.452    0.176143
1.456    0.169568
1.46    0.162433
1.464    0.154832
1.468    0.14686
1.472    0.138615
1.476    0.130191
1.48    0.121681
1.484    0.113172
1.488    0.104745
1.492    0.0964734
1.496    0.0884238
1.5    0.0806529
1.504    0.073209
1.508    0.0661312
1.512    0.0594496
1.516    0.0531858
1.52    0.0473535
1.524    0.0419585
1.528    0.0370003
1.532    0.032472
1.536    0.028362
1.54    0.0246543
1.544    0.0213295
1.548    0.0183655
1.552    0.0157384
1.556    0.0134234
1.56    0.0113949
1.564    0.00962739
1.568    0.00809581
1.572    0.0067759
1.576    0.00564461
1.58    0.00468021
1.584    0.00386247
1.588    0.00317275
1.592    0.00259405
1.596    0.00211106
1.6    0.00171006
1.604    0.00137881
1.608    0.00110657
1.612    0.000883985
1.616    0.000702934
1.62    0.000556404
1.624    0.000438396
1.628    0.000343815
1.632    0.000268405
1.636    0.000208611
1.64    0.000161393
1.644    0.000124258
1.648    9.52531e-005
1.652    7.27117e-005
1.656    5.52266e-005
1.66    4.17516e-005
1.664    3.1444e-005
1.668    2.35663e-005
1.672    1.75756e-005
1.676    1.30542e-005
1.68    9.65434e-006
1.684    7.10613e-006
1.688    5.20565e-006
1.692    3.80048e-006
1.696    2.75468e-006
1.7    1.99532e-006
1.704    1.44213e-006
1.708    1.0261e-006
1.712    7.32316e-007
1.716    5.23974e-007
1.72    3.7011e-007
1.724    2.54065e-007
1.728    1.84155e-007
1.732    1.32849e-007
1.736    8.19734e-008
1.74    6.12226e-008
1.744    4.58897e-008
1.748    2.64649e-008
1.752    1.79185e-008
1.756    1.54876e-008
1.76    1.07834e-008
1.764    2.45719e-009
1.768    7.24009e-009
1.772    4.14383e-009
1.776    -4.01482e-009
1.78    4.88859e-009
1.784    1.50874e-009
1.788    -2.08353e-009
1.792    3.15633e-009
1.796    -1.02063e-009
1.8    -2.77515e-010
1.804    2.00177e-009
1.808    -2.58744e-009
1.812    2.17033e-009
1.816    -1.54956e-009
1.82    -5.72657e-010
1.824    4.74655e-009
1.828    -4.72516e-009
1.832    8.2549e-010
1.836    3.19274e-009
1.84    -4.11383e-009
1.844    2.0295e-009
1.848    5.32058e-010
1.852    -2.35355e-009
1.856    4.50695e-009
1.86    -3.30755e-009
1.864    -5.7719e-010
1.868    1.88247e-009
1.872    -3.23976e-009
1.876    3.87377e-009
1.88    -2.06828e-009
1.884    -7.8789e-010
1.888    1.32669e-009
1.892    -9.41233e-010
1.896    1.97834e-009
1.9    -2.18034e-009
1.904    1.31699e-009
1.908    -7.86505e-010
1.912    5.67206e-010
1.916    8.20685e-010
1.92    -1.9189e-009
1.924    1.53075e-009
1.928    -7.01452e-010
1.932    -1.03262e-010
1.936    8.68607e-010
1.94    -1.63514e-009
1.944    1.17998e-009
1.948    6.54525e-011
1.952    -5.82221e-010
1.956    4.64993e-010
1.96    -8.74735e-010
1.964    8.58842e-010
1.968    -7.18373e-011
1.972    -3.27854e-010
1.976    -2.719e-011
1.98    9.6633e-011
1.984    -3.57627e-011
1.988    1.79586e-010
1.992    -1.08297e-010
1.996    -1.33973e-011
