0.003    1.213e-120
0.006    6.83439e-118
0.009    1.91336e-115
0.012    3.54871e-113
0.015    4.90519e-111
0.018    5.38965e-109
0.021    4.90336e-107
0.024    3.79901e-105
0.027    2.55873e-103
0.03    1.52186e-101
0.033    8.09277e-100
0.036    3.88628e-098
0.039    1.6993e-096
0.042    6.81256e-095
0.045    2.5189e-093
0.048    8.63319e-092
0.051    2.75489e-090
0.054    8.21653e-089
0.057    2.2983e-087
0.06    6.04751e-086
0.063    1.50101e-084
0.066    3.5228e-083
0.069    7.83528e-082
0.072    1.65484e-080
0.075    3.32498e-079
0.078    6.36627e-078
0.081    1.16335e-076
0.084    2.03183e-075
0.087    3.39608e-074
0.09    5.43893e-073
0.093    8.35565e-072
0.096    1.23263e-070
0.099    1.74779e-069
0.102    2.3842e-068
0.105    3.13156e-067
0.108    3.96354e-066
0.111    4.83757e-065
0.114    5.69757e-064
0.117    6.47956e-063
0.12    7.11955e-062
0.123    7.5622e-061
0.126    7.76879e-060
0.129    7.72274e-059
0.132    7.43168e-058
0.135    6.92579e-057
0.138    6.25271e-056
0.141    5.47037e-055
0.144    4.63902e-054
0.147    3.81408e-053
0.15    3.0407e-052
0.153    2.35081e-051
0.156    1.76252e-050
0.159    1.28143e-049
0.162    9.03289e-049
0.165    6.17165e-048
0.168    4.08524e-047
0.171    2.61804e-046
0.174    1.62274e-045
0.177    9.71463e-045
0.18    5.60565e-044
0.183    3.10856e-043
0.186    1.64923e-042
0.189    8.31203e-042
0.192    3.93195e-041
0.195    1.7066e-040
0.198    6.46024e-040
0.201    1.81996e-039
0.204    4.32277e-040
0.207    4.71498e-038
0.21    4.98233e-037
0.213    3.80331e-036
0.216    2.51663e-035
0.219    1.52639e-034
0.222    8.69856e-034
0.225    4.7196e-033
0.228    2.4575e-032
0.231    1.23442e-031
0.234    6.00318e-031
0.237    2.8339e-030
0.24    1.30118e-029
0.243    5.81981e-029
0.246    2.53888e-028
0.249    1.08138e-027
0.252    4.50076e-027
0.255    1.83181e-026
0.258    7.29504e-026
0.261    2.84423e-025
0.264    1.08617e-024
0.267    4.06448e-024
0.27    1.49091e-023
0.273    5.36269e-023
0.276    1.89203e-022
0.279    6.54948e-022
0.282    2.22498e-021
0.285    7.41964e-021
0.288    2.42923e-020
0.291    7.81022e-020
0.294    2.46629e-019
0.297    7.65034e-019
0.3    2.33151e-018
0.303    6.98193e-018
0.306    2.05471e-017
0.309    5.94314e-017
0.312    1.68974e-016
0.315    4.72295e-016
0.318    1.29789e-015
0.321    3.50701e-015
0.324    9.31865e-015
0.327    2.43514e-014
0.33    6.25875e-014
0.333    1.58228e-013
0.336    3.93499e-013
0.339    9.62735e-013
0.342    2.31742e-012
0.345    5.48874e-012
0.348    1.27921e-011
0.351    2.9339e-011
0.354    6.62239e-011
0.357    1.47123e-010
0.36    3.21719e-010
0.363    6.92516e-010
0.366    1.46748e-009
0.369    3.06148e-009
0.372    6.28839e-009
0.375    1.27181e-008
0.378    2.53287e-008
0.381    4.96749e-008
0.384    9.5945e-008
0.387    1.82514e-007
0.39    3.41971e-007
0.393    6.31142e-007
0.396    1.14746e-006
0.399    2.05515e-006
0.402    3.6264e-006
0.405    6.30464e-006
0.408    1.08e-005
0.411    1.82301e-005
0.414    3.03239e-005
0.417    4.97091e-005
0.42    8.03096e-005
0.423    0.000127881
0.426    0.000200712
0.429    0.000310526
0.432    0.00047359
0.435    0.000712052
0.438    0.00105548
0.441    0.00154256
0.444    0.00222286
0.447    0.00315853
0.45    0.00442569
0.453    0.00611543
0.456    0.00833385
0.459    0.0112011
0.462    0.0148489
0.465    0.0194164
0.468    0.0250444
0.471    0.031867
0.474    0.040002
0.477    0.04954
0.48    0.0605323
0.483    0.0729788
0.486    0.0868176
0.489    0.101916
0.492    0.118065
0.495    0.13498
0.498    0.152303
0.501    0.169612
0.504    0.18644
0.507    0.202291
0.51    0.216666
0.513    0.229089
0.516    0.239131
0.519    0.246439
0.522    0.250752
0.525    0.25192
0.528    0.249911
0.531    0.244813
0.534    0.236827
0.537    0.226252
0.54    0.213474
0.543    0.198932
0.546    0.183103
0.549    0.16647
0.552    0.149502
0.555    0.132632
0.558    0.116241
0.561    0.100648
0.564    0.0860996
0.567    0.0727729
0.57    0.0607757
0.573    0.0501535
0.576    0.0408982
0.579    0.0329578
0.582    0.0262473
0.585    0.0206587
0.588    0.0160705
0.591    0.0123563
0.594    0.00939068
0.597    0.00705464
0.6    0.00523887
0.603    0.00384599
0.606    0.0027913
0.609    0.00200285
0.612    0.00142091
0.615    0.000996706
0.618    0.000691278
0.621    0.000474104
0.624    0.000321567
0.627    0.000215679
0.63    0.000143064
0.633    9.3876e-005
0.636    6.09328e-005
0.639    3.90957e-005
0.642    2.47869e-005
0.645    1.55616e-005
0.648    9.67538e-006
0.651    5.93544e-006
0.654    3.61608e-006
0.657    2.20515e-006
0.66    1.30692e-006
0.663    7.52715e-007
0.666    4.56283e-007
0.669    2.77499e-007
0.672    1.59078e-007
0.675    7.10248e-008
0.678    3.96012e-008
0.681    5.87289e-008
0.684    8.78677e-009
0.687    1.74406e-008
0.69    2.10934e-008
0.693    1.70011e-008
0.696    7.25772e-009
0.699    5.5457e-009
0.702    2.9037e-010
0.705    3.93291e-009
0.708    3.88166e-009
0.711    2.0309e-008
0.714    1.44361e-008
0.717    4.07626e-009
0.72    7.73035e-009
0.723    2.34972e-008
0.726    5.73534e-009
0.729    9.0207e-009
0.732    1.32372e-010
0.735    6.28971e-010
0.738    1.23491e-008
0.741    1.29307e-008
0.744    1.3455e-009
0.747    2.68152e-008
0.75    2.39067e-008
0.753    7.26201e-009
0.756    2.97807e-008
0.759    1.55864e-009
0.762    9.5524e-009
0.765    9.64944e-009
0.768    1.96357e-008
0.771    7.40806e-011
0.774    5.6712e-009
0.777    8.58666e-011
0.78    1.29915e-009
0.783    3.22207e-011
0.786    1.49348e-009
0.789    2.39305e-008
0.792    2.6432e-008
0.795    3.52102e-009
0.798    8.40371e-009
0.801    6.0007e-010
0.804    3.6917e-009
0.807    9.84716e-009
0.81    1.29141e-008
0.813    5.03629e-009
0.816    5.68093e-009
0.819    5.6432e-009
0.822    1.65739e-009
0.825    6.75834e-009
0.828    3.25509e-009
0.831    1.19966e-009
0.834    3.83126e-009
0.837    5.24588e-009
0.84    7.50591e-010
0.843    5.45357e-009
0.846    6.42678e-009
0.849    6.04091e-009
0.852    3.57045e-009
0.855    1.32621e-009
0.858    5.78258e-009
0.861    5.32272e-009
0.864    1.19791e-009
0.867    6.15277e-009
0.87    5.92806e-009
0.873    6.89121e-009
0.876    8.18766e-009
0.879    5.21972e-010
0.882    6.50917e-009
0.885    1.13273e-008
0.888    4.4894e-009
0.891    5.25272e-010
0.894    1.4488e-009
0.897    3.2494e-009
0.9    8.93607e-010
0.903    4.52657e-009
0.906    5.81921e-011
0.909    3.6168e-009
0.912    1.14065e-008
0.915    4.65784e-009
0.918    4.03132e-009
0.921    3.25638e-009
0.924    4.71734e-009
0.927    3.28645e-009
0.93    6.34136e-010
0.933    2.78494e-009
0.936    3.37773e-009
0.939    4.02946e-009
0.942    3.11366e-009
0.945    9.50777e-009
0.948    1.96432e-009
0.951    4.83619e-009
0.954    7.38815e-009
0.957    1.52282e-009
0.96    5.04116e-009
0.963    2.87558e-009
0.966    2.44951e-009
0.969    2.94588e-009
0.972    3.02928e-009
0.975    3.75888e-009
0.978    4.10736e-009
0.981    1.0695e-009
0.984    4.84376e-009
0.987    4.99694e-009
0.99    9.9488e-009
0.993    9.73728e-009
0.996    4.5062e-009
0.999    9.39477e-009
1.002    1.03175e-008
1.005    3.57864e-009
1.008    4.19238e-009
1.011    3.52161e-009
1.014    1.56767e-008
1.017    5.63563e-009
1.02    1.06006e-008
1.023    1.62338e-008
1.026    1.14156e-008
1.029    2.74344e-010
1.032    8.46916e-009
1.035    4.50161e-009
1.038    4.24441e-009
1.041    1.13319e-008
1.044    1.45855e-009
1.047    9.23575e-009
1.05    5.52244e-009
1.053    8.62006e-009
1.056    1.38524e-008
1.059    1.51872e-008
1.062    3.91574e-009
1.065    5.7327e-009
1.068    4.69767e-009
1.071    4.71566e-009
1.074    1.23985e-008
1.077    3.64455e-009
1.08    2.86114e-009
1.083    1.52338e-008
1.086    8.39119e-009
1.089    1.19972e-009
1.092    1.01749e-008
1.095    6.57348e-009
1.098    1.02127e-010
1.101    4.1809e-009
1.104    2.17552e-009
1.107    7.94286e-010
1.11    8.97193e-010
1.113    9.93789e-010
1.116    5.91813e-011
1.119    4.03918e-009
1.122    5.9856e-010
1.125    4.97463e-009
1.128    2.62298e-009
1.131    5.70136e-009
1.134    3.53852e-009
1.137    3.93993e-009
1.14    4.97945e-009
1.143    3.4372e-010
1.146    5.20195e-009
1.149    5.5663e-009
1.152    4.95714e-009
1.155    1.02374e-008
1.158    3.00583e-009
1.161    1.2505e-008
1.164    5.3435e-011
1.167    1.25594e-008
1.17    2.33359e-009
1.173    9.97838e-009
1.176    4.17109e-009
1.179    6.31954e-009
1.182    5.38851e-009
1.185    1.88442e-009
1.188    9.04138e-009
1.191    2.81565e-009
1.194    9.47695e-009
1.197    7.78019e-009
1.2    1.83629e-010
1.203    2.81817e-009
1.206    4.53735e-009
1.209    6.31581e-009
1.212    1.73948e-009
1.215    4.00577e-009
1.218    4.15912e-010
1.221    6.80095e-009
1.224    5.10872e-009
1.227    1.25789e-009
1.23    3.76848e-010
1.233    6.38955e-009
1.236    2.34686e-009
1.239    1.02866e-008
1.242    1.32806e-008
1.245    6.25361e-010
1.248    1.55561e-008
1.251    1.43066e-008
1.254    1.10158e-009
1.257    5.96013e-009
1.26    7.63336e-010
1.263    1.07174e-008
1.266    1.08185e-008
1.269    1.45323e-009
1.272    6.04332e-009
1.275    3.89855e-009
1.278    4.15292e-009
1.281    8.6442e-009
1.284    4.86085e-009
1.287    3.52404e-009
1.29    9.48265e-009
1.293    9.44144e-009
1.296    5.32555e-009
1.299    1.47076e-009
1.302    5.3963e-010
1.305    2.05668e-009
1.308    3.84582e-009
1.311    4.27173e-009
1.314    3.3086e-009
1.317    2.04409e-009
1.32    1.51416e-009
1.323    1.92346e-009
1.326    2.66642e-009
1.329    2.88406e-009
1.332    2.04117e-009
1.335    1.7604e-010
1.338    2.2145e-009
1.341    4.47987e-009
1.344    6.10255e-009
1.347    6.84541e-009
1.35    6.7483e-009
1.353    6.03144e-009
1.356    4.97672e-009
1.359    3.83618e-009
1.362    2.7856e-009
1.365    1.91738e-009
1.368    1.25709e-009
1.371    7.8808e-010
1.374    4.7391e-010
1.377    2.74087e-010
1.38    1.52796e-010
1.383    8.22619e-011
1.386    4.28418e-011
1.389    2.16135e-011
1.392    1.05762e-011
1.395    5.02407e-012
1.398    2.31932e-012
1.401    1.04095e-012
1.404    4.54857e-013
1.407    1.93159e-013
1.41    7.98643e-014
1.413    3.20063e-014
1.416    1.23424e-014
1.419    4.63864e-015
1.422    1.8725e-015
1.425    7.53042e-016
1.428    5.58365e-016
1.431    2.06882e-016
1.434    9.56686e-017
1.437    1.39826e-016
1.44    3.7834e-016
1.443    4.81881e-016
1.446    4.29274e-016
1.449    1.14873e-016
1.452    3.34811e-017
1.455    3.26681e-016
1.458    2.5331e-016
1.461    1.21264e-016
1.464    1.67712e-016
1.467    1.79538e-016
1.47    1.88721e-016
1.473    9.19082e-017
1.476    3.12964e-016
1.479    1.57324e-016
1.482    1.07805e-016
1.485    2.05882e-016
1.488    1.48974e-016
1.491    1.55991e-017
1.494    5.89555e-018
1.497    9.31633e-017
