0.004    6.98855e-147
0.008    5.25407e-144
0.012    1.96426e-141
0.016    4.8688e-139
0.02    9.00125e-137
0.024    1.3239e-134
0.028    1.61359e-132
0.032    1.67624e-130
0.036    1.51505e-128
0.04    1.21028e-126
0.044    8.65164e-125
0.048    5.58998e-123
0.052    3.29164e-121
0.056    1.77875e-119
0.06    8.87322e-118
0.064    4.10693e-116
0.068    1.7715e-114
0.072    7.14892e-113
0.076    2.70833e-111
0.08    9.6617e-110
0.084    3.2545e-108
0.088    1.03769e-106
0.092    3.13883e-105
0.096    9.02553e-104
0.1    2.47165e-102
0.104    6.45725e-101
0.108    1.61189e-099
0.112    3.85013e-098
0.116    8.81146e-097
0.12    1.9346e-095
0.124    4.07949e-094
0.128    8.27096e-093
0.132    1.6139e-091
0.136    3.03374e-090
0.14    5.49846e-089
0.144    9.61662e-088
0.148    1.62428e-086
0.152    2.65139e-085
0.156    4.18562e-084
0.16    6.39445e-083
0.164    9.45957e-082
0.168    1.35587e-080
0.172    1.884e-079
0.176    2.53917e-078
0.18    3.32097e-077
0.184    4.21703e-076
0.188    5.20129e-075
0.192    6.23398e-074
0.196    7.26351e-073
0.2    8.23046e-072
0.204    9.07317e-071
0.208    9.73431e-070
0.212    1.01674e-068
0.216    1.03422e-067
0.22    1.02482e-066
0.224    9.8957e-066
0.228    9.31381e-065
0.232    8.54693e-064
0.236    7.64903e-063
0.24    6.67766e-062
0.244    5.68808e-061
0.248    4.72858e-060
0.252    3.83719e-059
0.256    3.04022e-058
0.26    2.35228e-057
0.264    1.77768e-056
0.268    1.31243e-055
0.272    9.46739e-055
0.276    6.6741e-054
0.28    4.59867e-053
0.284    3.09754e-052
0.288    2.0399e-051
0.292    1.31363e-050
0.296    8.27307e-050
0.3    5.0962e-049
0.304    3.07091e-048
0.308    1.81043e-047
0.312    1.04433e-046
0.316    5.89503e-046
0.32    3.25666e-045
0.324    1.76092e-044
0.328    9.32041e-044
0.332    4.82944e-043
0.336    2.45001e-042
0.34    1.21699e-041
0.344    5.9196e-041
0.348    2.81985e-040
0.352    1.3156e-039
0.356    6.01216e-039
0.36    2.69142e-038
0.364    1.18038e-037
0.368    5.07223e-037
0.372    2.13579e-036
0.376    8.81366e-036
0.38    3.56493e-035
0.384    1.41356e-034
0.388    5.49569e-034
0.392    2.09541e-033
0.396    7.83729e-033
0.4    2.87635e-032
0.404    1.03622e-031
0.408    3.66599e-031
0.412    1.27433e-030
0.416    4.35506e-030
0.42    1.4644e-029
0.424    4.84911e-029
0.428    1.58291e-028
0.432    5.09988e-028
0.436    1.62392e-027
0.44    5.11815e-027
0.444    1.59914e-026
0.448    4.96105e-026
0.452    1.53046e-025
0.456    4.70115e-025
0.46    1.4393e-024
0.464    4.39477e-024
0.468    1.33854e-023
0.472    4.06556e-023
0.476    1.23062e-022
0.48    3.70871e-022
0.484    1.11154e-021
0.488    3.309e-021
0.492    9.7726e-021
0.496    2.86002e-020
0.5    8.28569e-020
0.504    2.37415e-019
0.508    6.72332e-019
0.512    1.8806e-018
0.516    5.19326e-018
0.52    1.41531e-017
0.524    3.80545e-017
0.528    1.00929e-016
0.532    2.64007e-016
0.536    6.81022e-016
0.54    1.73231e-015
0.544    4.34501e-015
0.548    1.07461e-014
0.552    2.62067e-014
0.556    6.30196e-014
0.56    1.49435e-013
0.564    3.4943e-013
0.568    8.05769e-013
0.572    1.83241e-012
0.576    4.10972e-012
0.58    9.09077e-012
0.584    1.98338e-011
0.588    4.26825e-011
0.592    9.06043e-011
0.596    1.89725e-010
0.6    3.91918e-010
0.604    7.98697e-010
0.608    1.60585e-009
0.612    3.18551e-009
0.616    6.23489e-009
0.62    1.20412e-008
0.624    2.2947e-008
0.628    4.31529e-008
0.632    8.00837e-008
0.636    1.46672e-007
0.64    2.65116e-007
0.644    4.72965e-007
0.648    8.32812e-007
0.652    1.44746e-006
0.656    2.48328e-006
0.66    4.20555e-006
0.664    7.03098e-006
0.668    1.16044e-005
0.672    1.89087e-005
0.676    3.04193e-005
0.68    4.83175e-005
0.684    7.57782e-005
0.688    0.000117351
0.692    0.000179452
0.696    0.000270985
0.7    0.000404108
0.704    0.000595142
0.708    0.000865631
0.712    0.00124351
0.716    0.00176437
0.72    0.00247269
0.724    0.003423
0.728    0.00468076
0.732    0.0063229
0.736    0.00843768
0.74    0.0111238
0.744    0.0144885
0.748    0.0186446
0.752    0.0237057
0.756    0.0297813
0.76    0.0369694
0.764    0.0453484
0.768    0.0549696
0.772    0.0658472
0.776    0.0779516
0.78    0.0912012
0.784    0.105458
0.788    0.120526
0.792    0.13615
0.796    0.152022
0.8    0.16779
0.804    0.183067
0.808    0.197449
0.812    0.210531
0.816    0.221928
0.82    0.231288
0.824    0.23832
0.828    0.2428
0.832    0.244586
0.836    0.243628
0.84    0.239966
0.844    0.233731
0.848    0.225134
0.852    0.214458
0.856    0.202037
0.86    0.188247
0.864    0.173478
0.868    0.158124
0.872    0.142562
0.876    0.127138
0.88    0.112158
0.884    0.0978778
0.888    0.0844989
0.892    0.0721683
0.896    0.0609798
0.9    0.0509782
0.904    0.0421656
0.908    0.0345081
0.912    0.0279439
0.916    0.022391
0.92    0.017754
0.924    0.0139305
0.928    0.0108169
0.932    0.00831223
0.936    0.00632162
0.94    0.00475828
0.944    0.00354482
0.948    0.00261381
0.952    0.0019077
0.956    0.00137823
0.96    0.000985639
0.964    0.000697789
0.968    0.000489045
0.972    0.000339273
0.976    0.000232998
0.98    0.00015845
0.984    0.000106712
0.988    7.11549e-005
0.992    4.6963e-005
0.996    3.06931e-005
1    1.98813e-005
1.004    1.2751e-005
1.008    8.09091e-006
1.012    5.10601e-006
1.016    3.20204e-006
1.02    1.97748e-006
1.024    1.20688e-006
1.028    7.34772e-007
1.032    4.50681e-007
1.036    2.63827e-007
1.04    1.56715e-007
1.044    1.37538e-007
1.048    1.03349e-007
1.052    3.82183e-008
1.056    1.26541e-008
1.06    1.2233e-009
1.064    3.74173e-009
1.068    1.62428e-008
1.072    1.57495e-008
1.076    7.53016e-009
1.08    8.95568e-009
1.084    6.00923e-009
1.088    1.16898e-009
1.092    1.48227e-008
1.096    3.79652e-009
1.1    2.1048e-009
1.104    1.09355e-008
1.108    6.70089e-009
1.112    2.31143e-009
1.116    1.13656e-008
1.12    1.69637e-008
1.124    2.66451e-008
1.128    6.55477e-009
1.132    1.28529e-008
1.136    1.43772e-008
1.14    2.12056e-008
1.144    2.29562e-009
1.148    2.3243e-008
1.152    1.52941e-008
1.156    1.04404e-008
1.16    2.80435e-009
1.164    2.62587e-008
1.168    4.32325e-009
1.172    2.30201e-008
1.176    7.51856e-009
1.18    3.17788e-010
1.184    7.44151e-009
1.188    8.87622e-009
1.192    2.37737e-010
1.196    1.10725e-008
1.2    1.00903e-008
1.204    8.25932e-011
1.208    3.9567e-009
1.212    6.97519e-009
1.216    2.52642e-009
1.22    1.10355e-008
1.224    5.70853e-010
1.228    2.59872e-009
1.232    4.01169e-009
1.236    3.65271e-009
1.24    3.1999e-009
1.244    1.12722e-008
1.248    1.27666e-008
1.252    2.12964e-009
1.256    6.6674e-010
1.26    7.52518e-009
1.264    8.25384e-009
1.268    2.30951e-009
1.272    5.81092e-010
1.276    4.44493e-010
1.28    9.42524e-009
1.284    1.31111e-008
1.288    6.70469e-009
1.292    5.90025e-009
1.296    1.14482e-008
1.3    4.57303e-009
1.304    1.06477e-008
1.308    1.64293e-008
1.312    5.89149e-009
1.316    1.31544e-009
1.32    1.33446e-009
1.324    6.76699e-009
1.328    1.31182e-009
1.332    3.6754e-009
1.336    2.37145e-009
1.34    4.95422e-009
1.344    4.71261e-009
1.348    5.20468e-010
1.352    3.31309e-009
1.356    5.89116e-009
1.36    8.87237e-009
1.364    9.67857e-009
1.368    3.44175e-009
1.372    5.55665e-009
1.376    1.23718e-009
1.38    7.52439e-009
1.384    5.84022e-009
1.388    8.49635e-009
1.392    8.40813e-009
1.396    5.21407e-009
1.4    3.91014e-009
1.404    4.87566e-010
1.408    4.97323e-009
1.412    1.57231e-009
1.416    1.47353e-008
1.42    4.97615e-010
1.424    1.32489e-008
1.428    8.29794e-010
1.432    7.59414e-009
1.436    5.68228e-009
1.44    4.11473e-009
1.444    3.74532e-009
1.448    1.20594e-009
1.452    1.26103e-008
1.456    2.59581e-009
1.46    1.47129e-009
1.464    2.55732e-009
1.468    6.1271e-009
1.472    7.16185e-009
1.476    1.07856e-009
1.48    8.74606e-009
1.484    3.40803e-009
1.488    9.1786e-009
1.492    5.29226e-009
1.496    4.63287e-009
1.5    5.60858e-009
1.504    6.8933e-009
1.508    3.4419e-011
1.512    7.16007e-009
1.516    5.28139e-009
1.52    2.51308e-009
1.524    3.24514e-009
1.528    1.37786e-009
1.532    2.42228e-009
1.536    7.35753e-009
1.54    6.61562e-009
1.544    2.58832e-010
1.548    8.91372e-011
1.552    6.91218e-010
1.556    1.14542e-008
1.56    8.78204e-009
1.564    1.45563e-008
1.568    2.97825e-009
1.572    1.14584e-008
1.576    4.67643e-009
1.58    4.34978e-009
1.584    3.39565e-009
1.588    6.38676e-010
1.592    6.35845e-009
1.596    1.83753e-009
1.6    5.37716e-009
1.604    6.27709e-010
1.608    4.05133e-009
1.612    1.45734e-009
1.616    1.7281e-009
1.62    1.6602e-009
1.624    1.9668e-009
1.628    5.0848e-009
1.632    7.37001e-009
1.636    6.87896e-009
1.64    5.44587e-010
1.644    3.28836e-009
1.648    1.38996e-008
1.652    8.13594e-009
1.656    7.42426e-010
1.66    1.35529e-008
1.664    1.51732e-008
1.668    6.37753e-010
1.672    9.89708e-009
1.676    1.39538e-008
1.68    5.23587e-009
1.684    2.76122e-009
1.688    7.31018e-009
1.692    5.61458e-009
1.696    4.99456e-009
1.7    4.07156e-010
1.704    6.80445e-009
1.708    9.10253e-009
1.712    1.54256e-009
1.716    1.05808e-008
1.72    1.44874e-009
1.724    7.96129e-009
1.728    1.87681e-009
1.732    6.40148e-009
1.736    1.02653e-009
1.74    2.28492e-009
1.744    5.37691e-010
1.748    3.04308e-009
1.752    2.06538e-009
1.756    6.76636e-009
1.76    5.7436e-009
1.764    6.07564e-009
1.768    9.37335e-009
1.772    3.9467e-009
1.776    1.04705e-008
1.78    4.1848e-009
1.784    6.74863e-009
1.788    6.20818e-009
1.792    8.52571e-010
1.796    6.22962e-009
1.8    7.2456e-009
1.804    3.17878e-009
1.808    7.44752e-009
1.812    1.67154e-009
1.816    4.12013e-009
1.82    3.57336e-009
1.824    2.83665e-009
1.828    4.79879e-009
1.832    3.19824e-009
1.836    3.74409e-009
1.84    2.98311e-009
1.844    2.22224e-009
1.848    2.33015e-009
1.852    2.51306e-009
1.856    7.63026e-009
1.86    9.43417e-009
1.864    4.66848e-009
1.868    4.60109e-009
1.872    9.59283e-009
1.876    6.07684e-009
1.88    8.33253e-011
1.884    2.17257e-009
1.888    1.49885e-009
1.892    1.50017e-010
1.896    3.39202e-009
1.9    6.06788e-009
1.904    3.1086e-009
1.908    4.16335e-009
1.912    6.2511e-009
1.916    1.74207e-009
1.92    1.10775e-008
1.924    9.20268e-009
1.928    4.08626e-009
1.932    1.59471e-008
1.936    1.55365e-008
1.94    5.21793e-009
1.944    4.23849e-009
1.948    6.00382e-009
1.952    2.23098e-009
1.956    1.29957e-009
1.96    2.1706e-009
1.964    2.25506e-009
1.968    3.69831e-009
1.972    5.85201e-009
1.976    6.19623e-009
1.98    3.2857e-009
1.984    1.69243e-009
1.988    5.90686e-009
1.992    7.02129e-009
1.996    4.59237e-009
