0.015    -0.00337952
0.03    -0.00675373
0.045    -0.0101173
0.06    -0.0134649
0.075    -0.0167914
0.09    -0.0200914
0.105    -0.0233598
0.12    -0.0265915
0.135    -0.0297814
0.15    -0.0329245
0.165    -0.0360159
0.18    -0.0390508
0.195    -0.0420245
0.21    -0.0449324
0.225    -0.0477699
0.24    -0.0505328
0.255    -0.0532167
0.27    -0.0558176
0.285    -0.0583316
0.3    -0.0607547
0.315    -0.0630833
0.33    -0.065314
0.345    -0.0674435
0.36    -0.0694685
0.375    -0.0713862
0.39    -0.0731937
0.405    -0.0748884
0.42    -0.0764679
0.435    -0.07793
0.45    -0.0792728
0.465    -0.0804943
0.48    -0.0815929
0.495    -0.0825672
0.51    -0.0834161
0.525    -0.0841385
0.54    -0.0847336
0.555    -0.0852008
0.57    -0.0855397
0.585    -0.0857502
0.6    -0.0858322
0.615    -0.085786
0.63    -0.0856119
0.645    -0.0853107
0.66    -0.0848831
0.675    -0.0843302
0.69    -0.0836531
0.705    -0.0828532
0.72    -0.081932
0.735    -0.0808914
0.75    -0.0797333
0.765    -0.0784596
0.78    -0.0770727
0.795    -0.075575
0.81    -0.073969
0.825    -0.0722574
0.84    -0.0704431
0.855    -0.0685291
0.87    -0.0665183
0.885    -0.0644142
0.9    -0.0622199
0.915    -0.059939
0.93    -0.057575
0.945    -0.0551315
0.96    -0.0526123
0.975    -0.0500211
0.99    -0.0473619
1.005    -0.0446384
1.02    -0.0418549
1.035    -0.0390152
1.05    -0.0361235
1.065    -0.0331838
1.08    -0.0302003
1.095    -0.0271772
1.11    -0.0241187
1.125    -0.0210288
1.14    -0.0179118
1.155    -0.0147719
1.17    -0.0116131
1.185    -0.00843955
1.2    -0.00525542
1.215    -0.00206471
1.23    0.00112856
1.245    0.00432044
1.26    0.00750702
1.275    0.0106845
1.29    0.013849
1.305    0.0169969
1.32    0.0201245
1.335    0.0232284
1.35    0.0263049
1.365    0.0293508
1.38    0.0323629
1.395    0.0353378
1.41    0.0382725
1.425    0.041164
1.44    0.0440096
1.455    0.0468064
1.47    0.0495517
1.485    0.0522431
1.5    0.0548781
1.515    0.0574545
1.53    0.0599701
1.545    0.0624228
1.56    0.0648107
1.575    0.0671321
1.59    0.0693852
1.605    0.0715685
1.62    0.0736805
1.635    0.07572
1.65    0.0776858
1.665    0.0795769
1.68    0.0813922
1.695    0.0831311
1.71    0.0847927
1.725    0.0863766
1.74    0.0878823
1.755    0.0893095
1.77    0.0906579
1.785    0.0919274
1.8    0.0931181
1.815    0.09423
1.83    0.0952633
1.845    0.0962184
1.86    0.0970956
1.875    0.0978955
1.89    0.0986186
1.905    0.0992657
1.92    0.0998375
1.935    0.100335
1.95    0.100759
1.965    0.10111
1.98    0.10139
1.995    0.1016
2.01    0.101741
2.025    0.101814
2.04    0.10182
2.055    0.101762
2.07    0.10164
2.085    0.101456
2.1    0.101211
2.115    0.100907
2.13    0.100546
2.145    0.10013
2.16    0.099659
2.175    0.0991359
2.19    0.0985623
2.205    0.0979397
2.22    0.0972701
2.235    0.0965551
2.25    0.0957965
2.265    0.0949962
2.28    0.094156
2.295    0.0932776
2.31    0.0923628
2.325    0.0914135
2.34    0.0904314
2.355    0.0894182
2.37    0.0883758
2.385    0.087306
2.4    0.0862103
2.415    0.0850906
2.43    0.0839486
2.445    0.0827859
2.46    0.0816042
2.475    0.080405
2.49    0.07919
2.505    0.0779608
2.52    0.0767189
2.535    0.0754658
2.55    0.0742029
2.565    0.0729318
2.58    0.0716537
2.595    0.0703701
2.61    0.0690823
2.625    0.0677916
2.64    0.0664992
2.655    0.0652064
2.67    0.0639143
2.685    0.062624
2.7    0.0613367
2.715    0.0600535
2.73    0.0587752
2.745    0.0575029
2.76    0.0562376
2.775    0.0549801
2.79    0.0537312
2.805    0.0524918
2.82    0.0512627
2.835    0.0500446
2.85    0.0488382
2.865    0.0476441
2.88    0.0464629
2.895    0.0452953
2.91    0.0441418
2.925    0.0430028
2.94    0.0418789
2.955    0.0407705
2.97    0.039678
2.985    0.0386018
3    0.0375421
3.015    0.0364993
3.03    0.0354737
3.045    0.0344656
3.06    0.033475
3.075    0.0325023
3.09    0.0315475
3.105    0.0306108
3.12    0.0296922
3.135    0.028792
3.15    0.0279101
3.165    0.0270465
3.18    0.0262013
3.195    0.0253745
3.21    0.0245659
3.225    0.0237757
3.24    0.0230036
3.255    0.0222496
3.27    0.0215136
3.285    0.0207956
3.3    0.0200952
3.315    0.0194124
3.33    0.0187471
3.345    0.018099
3.36    0.017468
3.375    0.0168538
3.39    0.0162563
3.405    0.0156752
3.42    0.0151103
3.435    0.0145614
3.45    0.0140282
3.465    0.0135105
3.48    0.013008
3.495    0.0125205
3.51    0.0120477
3.525    0.0115892
3.54    0.011145
3.555    0.0107146
3.57    0.0102978
3.585    0.00989427
3.6    0.00950381
3.615    0.00912609
3.63    0.00876083
3.645    0.00840774
3.66    0.00806655
3.675    0.00773697
3.69    0.00741872
3.705    0.00711151
3.72    0.00681506
3.735    0.0065291
3.75    0.00625335
3.765    0.00598754
3.78    0.00573139
3.795    0.00548464
3.81    0.00524703
3.825    0.00501829
3.84    0.00479817
3.855    0.00458641
3.87    0.00438277
3.885    0.00418699
3.9    0.00399883
3.915    0.00381806
3.93    0.00364445
3.945    0.00347776
3.96    0.00331777
3.975    0.00316427
3.99    0.00301702
4.005    0.00287584
4.02    0.0027405
4.035    0.00261082
4.05    0.00248658
4.065    0.00236761
4.08    0.00225371
4.095    0.0021447
4.11    0.0020404
4.125    0.00194065
4.14    0.00184527
4.155    0.0017541
4.17    0.00166698
4.185    0.00158376
4.2    0.00150428
4.215    0.00142841
4.23    0.001356
4.245    0.00128691
4.26    0.00122101
4.275    0.00115817
4.29    0.00109828
4.305    0.0010412
4.32    0.000986818
4.335    0.00093503
4.35    0.000885723
4.365    0.000838791
4.38    0.000794135
4.395    0.000751656
4.41    0.00071126
4.425    0.000672856
4.44    0.000636357
4.455    0.000601678
4.47    0.000568738
4.485    0.00053746
4.5    0.000507767
4.515    0.000479589
4.53    0.000452854
4.545    0.000427498
4.56    0.000403455
4.575    0.000380664
4.59    0.000359067
4.605    0.000338606
4.62    0.000319227
4.635    0.000300879
4.65    0.000283511
4.665    0.000267077
4.68    0.000251529
4.695    0.000236824
4.71    0.000222921
4.725    0.00020978
4.74    0.000197362
4.755    0.000185632
4.77    0.000174553
4.785    0.000164092
4.8    0.000154219
4.815    0.000144902
4.83    0.000136113
4.845    0.000127824
4.86    0.000120009
4.875    0.000112643
4.89    0.000105701
4.905    9.9162e-005
4.92    9.30034e-005
4.935    8.72048e-005
4.95    8.17468e-005
4.965    7.66106e-005
4.98    7.17788e-005
4.995    6.72344e-005
5.01    6.29616e-005
5.025    5.89452e-005
5.04    5.51709e-005
5.055    5.1625e-005
5.07    4.82946e-005
5.085    4.51675e-005
5.1    4.2232e-005
5.115    3.94771e-005
5.13    3.68925e-005
5.145    3.44682e-005
5.16    3.21949e-005
5.175    3.00638e-005
5.19    2.80665e-005
5.205    2.61951e-005
5.22    2.44421e-005
5.235    2.28005e-005
5.25    2.12635e-005
5.265    1.9825e-005
5.28    1.84788e-005
5.295    1.72195e-005
5.31    1.60417e-005
5.325    1.49403e-005
5.34    1.39108e-005
5.355    1.29486e-005
5.37    1.20496e-005
5.385    1.12098e-005
5.4    1.04254e-005
5.415    9.69305e-006
5.43    9.00938e-006
5.445    8.37128e-006
5.46    7.77584e-006
5.475    7.22031e-006
5.49    6.7021e-006
5.505    6.2188e-006
5.52    5.7681e-006
5.535    5.34786e-006
5.55    4.95606e-006
5.565    4.59081e-006
5.58    4.25032e-006
5.595    3.93291e-006
5.61    3.637e-006
5.625    3.36113e-006
5.64    3.10389e-006
5.655    2.86397e-006
5.67    2.64015e-006
5.685    2.43128e-006
5.7    2.23625e-006
5.715    2.05404e-006
5.73    1.8837e-006
5.745    1.7243e-006
5.76    1.575e-006
5.775    1.43497e-006
5.79    1.30345e-006
5.805    1.1797e-006
5.82    1.06304e-006
5.835    9.52815e-007
5.85    8.48384e-007
5.865    7.49149e-007
5.88    6.54532e-007
5.895    5.63976e-007
5.91    4.76941e-007
5.925    3.92904e-007
5.94    3.11351e-007
5.955    2.3178e-007
5.97    1.53694e-007
5.985    7.65984e-008
